# T650 FACTORY MOUSE-EMULATION mode (raw disabled, 0x6100 fn2 params=0x00)
# /dev/hidraw4, receiver 046d:c52b, device index 1
# t_ms dt_ms raw_hex
     7.77    0.00  20 01 02 00 00 36 d0 00 00 00 38 00 00 00 00
    15.87    8.10  20 01 02 00 00 14 20 00 00 00 0a 00 00 00 00
    29.90   14.03  20 01 02 00 00 13 20 00 00 00 0b 00 00 00 00
    37.93    8.03  20 01 02 00 00 10 10 00 00 00 1e 00 00 00 00
    45.94    8.01  20 01 02 00 00 0b f0 ff 00 00 44 00 00 00 00
    61.86   15.91  20 01 02 00 00 08 f0 ff 00 00 47 00 00 00 00
    69.92    8.07  20 01 02 00 00 06 e0 ff 00 00 59 00 00 00 00
    77.85    7.93  20 01 02 00 00 05 d0 ff 00 00 6a 00 00 00 00
    93.95   16.10  20 01 02 00 00 04 c0 ff 00 00 7b 00 00 00 00
   101.97    8.02  20 01 02 00 00 05 40 ff 00 00 fa 00 00 00 00
   493.94  391.97  20 01 02 00 00 df 4f 02 00 00 0e 00 00 00 00
   510.03   16.09  20 01 02 00 00 ed cf 01 00 00 81 00 00 00 00
   518.00    7.97  20 01 02 00 00 ef bf 01 00 00 8f 00 00 00 00
   525.77    7.77  20 01 02 00 00 f2 bf 01 00 00 8c 00 00 00 00
   541.82   16.05  20 01 02 00 00 f4 1f 02 00 00 29 00 00 00 00
   549.85    8.03  20 01 02 00 00 fa bf 01 00 00 84 00 00 00 00
   563.91   14.06  20 01 02 00 00 fe 4f 02 00 00 ef 00 00 00 00
   571.89    7.99  20 01 02 00 00 01 90 01 00 00 ac 00 00 00 00
   579.84    7.95  20 01 02 00 00 04 90 01 00 00 a9 00 00 00 00
   596.16   16.32  20 01 02 00 00 07 80 01 00 00 b6 00 00 00 00
   604.33    8.17  20 01 02 00 00 07 50 01 00 00 e6 00 00 00 00
   611.98    7.66  20 01 02 00 00 08 f0 00 00 00 46 00 00 00 00
   627.95   15.97  20 01 02 00 00 07 b0 00 00 00 87 00 00 00 00
   636.35    8.40  20 01 02 00 00 07 90 00 00 00 a7 00 00 00 00
   643.99    7.64  20 01 02 00 00 0b 90 00 00 00 a3 00 00 00 00
   657.86   13.87  20 01 02 00 00 12 90 00 00 00 9c 00 00 00 00
   665.88    8.03  20 01 02 00 00 1a 30 00 00 00 f4 00 00 00 00
   673.89    8.01  20 01 02 00 00 1f 00 00 00 00 1f 00 00 00 00
   689.94   16.04  20 01 02 00 00 23 a0 ff 00 00 7c 00 00 00 00
   697.93    7.99  20 01 02 00 00 22 50 ff 00 00 cd 00 00 00 00
   705.95    8.02  20 01 02 00 00 26 30 ff 00 00 e9 00 00 00 00
   721.94   15.99  20 01 02 00 00 21 d0 fe 00 00 4f 00 00 00 00
   730.33    8.39  20 01 02 00 00 27 c0 fe 00 00 59 00 00 00 00
   737.85    7.53  20 01 02 00 00 21 c0 fe 00 00 5f 00 00 00 00
   753.97   16.12  20 01 02 00 00 22 50 fe 00 00 ce 00 00 00 00
   760.09    6.12  20 01 02 00 00 21 60 fe 00 00 bf 00 00 00 00
   768.27    8.18  20 01 02 00 00 1d 70 fe 00 00 b3 00 00 00 00
   784.08   15.81  20 01 02 00 00 1d 10 fe 00 00 13 00 00 00 00
   791.81    7.73  20 01 02 00 00 19 30 fe 00 00 f7 00 00 00 00
   799.92    8.12  20 01 02 00 00 19 f0 fd 00 00 38 00 00 00 00
   815.93   16.01  20 01 02 00 00 16 10 fe 00 00 1a 00 00 00 00
   823.96    8.03  20 01 02 00 00 11 80 fe 00 00 af 00 00 00 00
   831.86    7.90  20 01 02 00 00 10 20 fe 00 00 10 00 00 00 00
   847.85   15.99  20 01 02 00 00 0a c0 fe 00 00 76 00 00 00 00
   855.82    7.97  20 01 02 00 00 07 00 ff 00 00 38 00 00 00 00
   863.84    8.02  20 01 02 00 00 05 40 ff 00 00 fa 00 00 00 00
   877.90   14.06  20 01 02 00 00 02 60 ff 00 00 dd 00 00 00 00
   885.98    8.08  20 01 02 00 00 02 10 ff 00 00 2d 00 00 00 00
   893.94    7.97  20 01 02 00 00 ff 3f ff 00 00 01 00 00 00 00
   909.94   16.00  20 01 02 00 00 fd 5f ff 00 00 e3 00 00 00 00
   917.93    7.99  20 01 02 00 00 f9 5f ff 00 00 e7 00 00 00 00
   925.93    7.99  20 01 02 00 00 f4 4f ff 00 00 fc 00 00 00 00
   941.94   16.02  20 01 02 00 00 eb ef fe 00 00 66 00 00 00 00
   950.04    8.10  20 01 02 00 00 e1 0f ff 00 00 4f 00 00 00 00
   958.00    7.95  20 01 02 00 00 dc 4f ff 00 00 14 00 00 00 00
   973.94   15.94  20 01 02 00 00 d7 8f ff 00 00 d9 00 00 00 00
   979.86    5.92  20 01 02 00 00 d7 cf ff 00 00 99 00 00 00 00
   989.84    9.98  20 01 02 00 00 d0 ff ff 00 00 70 00 00 00 00
  1003.82   13.98  20 01 02 00 00 d9 2f 00 00 00 36 00 00 00 00
  1011.84    8.02  20 01 02 00 00 d3 5f 00 00 00 0c 00 00 00 00
  1019.88    8.04  20 01 02 00 00 dd 7f 00 00 00 e2 00 00 00 00
  1036.03   16.15  20 01 02 00 00 dd 9f 00 00 00 c2 00 00 00 00
  1044.03    8.00  20 01 02 00 00 e1 bf 00 00 00 9e 00 00 00 00
  1051.91    7.88  20 01 02 00 00 db df 00 00 00 84 00 00 00 00
  1067.96   16.04  20 01 02 00 00 e3 ef 00 00 00 6c 00 00 00 00
  1075.91    7.95  20 01 02 00 00 e4 3f 01 00 00 1a 00 00 00 00
  1081.92    6.01  20 01 02 00 00 e2 6f 01 00 00 ec 00 00 00 00
  1097.89   15.97  20 01 02 00 00 e6 6f 01 00 00 e8 00 00 00 00
  1105.87    7.98  20 01 02 00 00 e5 2f 02 00 00 28 00 00 00 00
  1113.92    8.05  20 01 02 00 00 e9 ef 01 00 00 65 00 00 00 00
  1129.78   15.86  20 01 02 00 00 ea 4f 02 00 00 03 00 00 00 00
  1137.80    8.02  20 01 02 00 00 f1 ff 01 00 00 4d 00 00 00 00
  1145.78    7.97  20 01 02 00 00 f6 9f 01 00 00 a8 00 00 00 00
  1161.84   16.07  20 01 02 00 00 f7 2f 02 00 00 16 00 00 00 00
  1170.05    8.21  20 01 02 00 00 fc 9f 01 00 00 a2 00 00 00 00
  1177.95    7.89  20 01 02 00 00 fd 6f 01 00 00 d1 00 00 00 00
  1192.27   14.32  20 01 02 00 00 01 b0 01 00 00 8c 00 00 00 00
  1199.93    7.66  20 01 02 00 00 02 00 01 00 00 3b 00 00 00 00
  1459.79  259.86  20 01 02 00 00 f9 8f ff 00 00 b7 00 00 00 00
  1467.84    8.05  20 01 02 00 00 03 20 ff 00 00 1c 00 00 00 00
  1475.79    7.95  20 01 02 00 00 10 80 fe 00 00 b0 00 00 00 00
  1483.76    7.97  20 01 02 00 00 20 b0 fd 00 00 71 00 00 00 00
  1497.78   14.02  20 01 02 00 00 2a a0 fd 00 00 77 00 00 00 00
  1505.84    8.06  20 01 02 00 00 31 30 fd 00 00 e0 00 00 00 00
  1513.86    8.02  20 01 02 00 00 33 a0 fd 00 00 6e 00 00 00 00
  1529.84   15.98  20 01 02 00 00 2c e0 fd 00 00 35 00 00 00 00
  1537.85    8.01  20 01 02 00 00 2d d0 fd 00 00 44 00 00 00 00
  1545.86    8.01  20 01 02 00 00 32 20 fe 00 00 ee 00 00 00 00
  1561.88   16.03  20 01 02 00 00 2d 30 fe 00 00 e3 00 00 00 00
  1569.84    7.96  20 01 02 00 00 36 10 fe 00 00 fa 00 00 00 00
  1577.86    8.02  20 01 02 00 00 2f a0 fe 00 00 71 00 00 00 00
  1593.84   15.98  20 01 02 00 00 2d 90 fe 00 00 83 00 00 00 00
  1600.07    6.23  20 01 02 00 00 30 90 fe 00 00 80 00 00 00 00
  1607.95    7.88  20 01 02 00 00 24 20 ff 00 00 fb 00 00 00 00
  1624.02   16.07  20 01 02 00 00 29 40 ff 00 00 d6 00 00 00 00
  1631.85    7.83  20 01 02 00 00 21 90 ff 00 00 8e 00 00 00 00
  1639.86    8.01  20 01 02 00 00 25 a0 ff 00 00 7a 00 00 00 00
  1655.86   16.00  20 01 02 00 00 20 d0 ff 00 00 4f 00 00 00 00
  1663.85    7.99  20 01 02 00 00 21 f0 ff 00 00 2e 00 00 00 00
  1672.11    8.26  20 01 02 00 00 23 00 00 00 00 1b 00 00 00 00
  1688.44   16.33  20 01 02 00 00 1e 10 00 00 00 10 00 00 00 00
  1883.93  195.49  20 01 02 00 00 c5 af 01 00 00 c9 00 00 00 00
  1891.90    7.97  20 01 02 00 00 d8 8f 01 00 00 d6 00 00 00 00
  1905.96   14.05  20 01 02 00 00 d2 af 01 00 00 bc 00 00 00 00
  1913.84    7.88  20 01 02 00 00 d3 8f 01 00 00 db 00 00 00 00
  1921.98    8.14  20 01 02 00 00 d6 cf 01 00 00 98 00 00 00 00
  1937.80   15.82  20 01 02 00 00 ce df 01 00 00 90 00 00 00 00
  1945.84    8.04  20 01 02 00 00 cf df 01 00 00 8f 00 00 00 00
  1953.94    8.10  20 01 02 00 00 cb 2f 02 00 00 42 00 00 00 00
  1969.95   16.01  20 01 02 00 00 c3 1f 02 00 00 5a 00 00 00 00
  1977.83    7.88  20 01 02 00 00 c9 2f 02 00 00 44 00 00 00 00
  1985.89    8.06  20 01 02 00 00 c8 ff 01 00 00 76 00 00 00 00
  2001.87   15.97  20 01 02 00 00 c4 3f 02 00 00 39 00 00 00 00
  2007.86    5.99  20 01 02 00 00 c9 3f 02 00 00 34 00 00 00 00
  2015.98    8.12  20 01 02 00 00 cd 1f 02 00 00 50 00 00 00 00
  2031.85   15.87  20 01 02 00 00 cd 7f 02 00 00 f0 00 00 00 00
  2039.83    7.99  20 01 02 00 00 d0 3f 02 00 00 2d 00 00 00 00
  2047.80    7.97  20 01 02 00 00 d4 6f 02 00 00 f9 00 00 00 00
  2063.97   16.17  20 01 02 00 00 d3 6f 02 00 00 fa 00 00 00 00
  2071.83    7.86  20 01 02 00 00 de 1f 02 00 00 3f 00 00 00 00
  2292.26  220.42  20 01 02 00 00 22 90 fd 00 00 8f 00 00 00 00
  2307.93   15.67  20 01 02 00 00 1d 40 fe 00 00 e3 00 00 00 00
  2315.89    7.95  20 01 02 00 00 29 c0 fd 00 00 58 00 00 00 00
  2322.00    6.11  20 01 02 00 00 2b a0 fd 00 00 76 00 00 00 00
  2337.92   15.92  20 01 02 00 00 31 50 fd 00 00 c0 00 00 00 00
  2345.88    7.95  20 01 02 00 00 2a 90 fd 00 00 87 00 00 00 00
  2353.94    8.06  20 01 02 00 00 31 10 fd 00 00 00 00 00 00 00
  2369.96   16.02  20 01 02 00 00 2c 80 fd 00 00 95 00 00 00 00
  2377.85    7.90  20 01 02 00 00 2f 40 fd 00 00 d2 00 00 00 00
  2386.34    8.49  20 01 02 00 00 2d a0 fd 00 00 74 00 00 00 00
  2402.33   16.00  20 01 02 00 00 2d 60 fd 00 00 b4 00 00 00 00
  2409.97    7.63  20 01 02 00 00 33 60 fd 00 00 ae 00 00 00 00
  2418.35    8.38  20 01 02 00 00 2c 50 fd 00 00 c5 00 00 00 00
  2431.87   13.52  20 01 02 00 00 32 c0 fd 00 00 4f 00 00 00 00
  2439.96    8.08  20 01 02 00 00 2c d0 fd 00 00 45 00 00 00 00
  2447.90    7.95  20 01 02 00 00 0a 80 ff 00 00 b5 00 00 00 00
  2644.07  196.17  20 01 02 00 00 f2 7f 00 00 00 cd 00 00 00 00
  2651.99    7.92  20 01 02 00 00 e6 ef 00 00 00 69 00 00 00 00
  2660.41    8.41  20 01 02 00 00 e0 4f 01 00 00 0e 00 00 00 00
  2667.99    7.58  20 01 02 00 00 d0 9f 01 00 00 ce 00 00 00 00
  2683.99   15.99  20 01 02 00 00 d7 5f 01 00 00 07 00 00 00 00
  2691.88    7.90  20 01 02 00 00 d1 6f 01 00 00 fd 00 00 00 00
  2699.98    8.10  20 01 02 00 00 d7 7f 01 00 00 e7 00 00 00 00
  2715.99   16.01  20 01 02 00 00 d4 3f 01 00 00 2a 00 00 00 00
  2723.94    7.95  20 01 02 00 00 d7 ff 00 00 00 68 00 00 00 00
  2731.91    7.96  20 01 02 00 00 d7 af 00 00 00 b8 00 00 00 00
  2746.03   14.13  20 01 02 00 00 d9 8f 00 00 00 d6 00 00 00 00
  2753.87    7.83  20 01 02 00 00 d9 7f 00 00 00 e6 00 00 00 00
  2762.34    8.47  20 01 02 00 00 da 6f 00 00 00 f5 00 00 00 00
  2777.88   15.54  20 01 02 00 00 d9 1f 00 00 00 46 00 00 00 00
  2785.92    8.03  20 01 02 00 00 da ff ff 00 00 66 00 00 00 00
  2793.82    7.90  20 01 02 00 00 dd af ff 00 00 b3 00 00 00 00
  2809.90   16.08  20 01 02 00 00 de af ff 00 00 b2 00 00 00 00
  2817.83    7.93  20 01 02 00 00 e0 9f ff 00 00 c0 00 00 00 00
  2825.86    8.04  20 01 02 00 00 e5 9f ff 00 00 bb 00 00 00 00
  2840.04   14.18  20 01 02 00 00 e3 9f ff 00 00 bd 00 00 00 00
  2847.85    7.81  20 01 02 00 00 e6 8f ff 00 00 ca 00 00 00 00
  2855.78    7.93  20 01 02 00 00 eb 9f ff 00 00 b5 00 00 00 00
  2871.85   16.07  20 01 02 00 00 eb af ff 00 00 a5 00 00 00 00
  2879.77    7.92  20 01 02 00 00 eb 8f ff 00 00 c5 00 00 00 00
  2887.78    8.01  20 01 02 00 00 f0 9f ff 00 00 b0 00 00 00 00
  2903.88   16.10  20 01 02 00 00 f2 bf ff 00 00 8e 00 00 00 00
  2911.98    8.09  20 01 02 00 00 fa ef ff 00 00 56 00 00 00 00
  3123.99  212.01  20 01 02 00 00 1a c0 00 00 00 64 00 00 00 00
  3131.79    7.80  20 01 02 00 00 16 c0 00 00 00 68 00 00 00 00
  3147.82   16.03  20 01 02 00 00 1f 30 01 00 00 ee 00 00 00 00
  3155.85    8.03  20 01 02 00 00 1e 40 01 00 00 df 00 00 00 00
  3161.76    5.91  20 01 02 00 00 20 60 01 00 00 bd 00 00 00 00
  3177.97   16.21  20 01 02 00 00 23 e0 01 00 00 3a 00 00 00 00
  3185.86    7.89  20 01 02 00 00 1f c0 01 00 00 5e 00 00 00 00
  3193.88    8.02  20 01 02 00 00 23 10 02 00 00 09 00 00 00 00
  3209.92   16.04  20 01 02 00 00 21 f0 01 00 00 2c 00 00 00 00
  3217.87    7.95  20 01 02 00 00 23 b0 01 00 00 6a 00 00 00 00
  3225.86    7.99  20 01 02 00 00 22 c0 01 00 00 5b 00 00 00 00
  3241.79   15.93  20 01 02 00 00 20 90 01 00 00 8d 00 00 00 00
  3249.84    8.05  20 01 02 00 00 21 90 01 00 00 8c 00 00 00 00
  3257.82    7.99  20 01 02 00 00 1e 80 01 00 00 9f 00 00 00 00
  3271.86   14.04  20 01 02 00 00 20 90 01 00 00 8d 00 00 00 00
  3279.84    7.97  20 01 02 00 00 19 30 01 00 00 f4 00 00 00 00
  3287.86    8.02  20 01 02 00 00 1c 60 01 00 00 c1 00 00 00 00
  3303.83   15.97  20 01 02 00 00 1f 90 01 00 00 8e 00 00 00 00
  3311.84    8.01  20 01 02 00 00 1b 50 01 00 00 d2 00 00 00 00
  3319.86    8.02  20 01 02 00 00 20 50 01 00 00 cd 00 00 00 00
  3337.83   17.97  20 01 02 00 00 20 60 01 00 00 bd 00 00 00 00
  3343.85    6.02  20 01 02 00 00 21 70 01 00 00 ac 00 00 00 00
  3351.81    7.96  20 01 02 00 00 27 70 01 00 00 a6 00 00 00 00
  3365.92   14.10  20 01 02 00 00 2a 60 01 00 00 b3 00 00 00 00
  3373.92    8.00  20 01 02 00 00 2e 30 01 00 00 df 00 00 00 00
  3381.85    7.93  20 01 02 00 00 34 d0 00 00 00 3a 00 00 00 00
  3547.90  166.05  20 01 02 00 00 e9 2f 00 00 00 26 00 00 00 00
  3555.87    7.97  20 01 02 00 00 e0 7f 00 00 00 df 00 00 00 00
  3563.95    8.08  20 01 02 00 00 d6 af 00 00 00 b9 00 00 00 00
  3571.78    7.83  20 01 02 00 00 cf bf 00 00 00 b0 00 00 00 00
  3585.89   14.11  20 01 02 00 00 c6 cf 00 00 00 a9 00 00 00 00
  3593.82    7.93  20 01 02 00 00 c8 bf 00 00 00 b7 00 00 00 00
  3601.84    8.02  20 01 02 00 00 c3 cf 00 00 00 ac 00 00 00 00
  3617.84   16.00  20 01 02 00 00 be 0f 01 00 00 70 00 00 00 00
  3625.82    7.98  20 01 02 00 00 bd 2f 01 00 00 51 00 00 00 00
  3633.79    7.97  20 01 02 00 00 c1 ff 00 00 00 7e 00 00 00 00
  3649.80   16.01  20 01 02 00 00 c4 df 00 00 00 9b 00 00 00 00
  3657.87    8.08  20 01 02 00 00 c7 bf 00 00 00 b8 00 00 00 00
  3665.83    7.96  20 01 02 00 00 c5 af 00 00 00 ca 00 00 00 00
  3679.92   14.09  20 01 02 00 00 c8 cf 00 00 00 a7 00 00 00 00
  3687.80    7.87  20 01 02 00 00 cf 8f 00 00 00 e0 00 00 00 00
  3695.84    8.04  20 01 02 00 00 d4 6f 00 00 00 fb 00 00 00 00
  3711.85   16.00  20 01 02 00 00 d9 0f 00 00 00 56 00 00 00 00
  3720.26    8.42  20 01 02 00 00 de 0f 00 00 00 51 00 00 00 00
  3727.88    7.61  20 01 02 00 00 e7 bf ff 00 00 99 00 00 00 00
  3744.30   16.43  20 01 02 00 00 ec 9f ff 00 00 b4 00 00 00 00
  3751.89    7.59  20 01 02 00 00 f0 9f ff 00 00 b0 00 00 00 00
  3760.32    8.42  20 01 02 00 00 f4 7f ff 00 00 cc 00 00 00 00
  3775.83   15.52  20 01 02 00 00 f5 4f ff 00 00 fb 00 00 00 00
  3781.86    6.03  20 01 02 00 00 f3 2f fe 00 00 1e 00 00 00 00
  3789.80    7.93  20 01 02 00 00 fa af fd 00 00 98 00 00 00 00
  3805.82   16.02  20 01 02 00 00 04 20 fc 00 00 1e 00 00 00 00
  3813.80    7.98  20 01 02 00 00 0c c0 fc 00 00 76 00 00 00 00
  3821.77    7.97  20 01 02 00 00 11 30 fd 00 00 00 00 00 00 00
  3837.88   16.11  20 01 02 00 00 12 30 fd 00 00 ff 00 00 00 00
  3845.85    7.97  20 01 02 00 00 1c 90 fc 00 00 96 00 00 00 00
  3853.90    8.05  20 01 02 00 00 19 00 fe 00 00 27 00 00 00 00
  3869.91   16.01  20 01 02 00 00 25 20 fd 00 00 fc 00 00 00 00
  3877.81    7.90  20 01 02 00 00 28 b0 fd 00 00 69 00 00 00 00
  3883.84    6.03  20 01 02 00 00 38 40 fd 00 00 c9 00 00 00 00
  3899.82   15.98  20 01 02 00 00 38 e0 fd 00 00 29 00 00 00 00
  3907.77    7.95  20 01 02 00 00 37 40 fe 00 00 c9 00 00 00 00
  3915.84    8.06  20 01 02 00 00 3d 80 fe 00 00 83 00 00 00 00
  3931.83   16.00  20 01 02 00 00 3d a0 fe 00 00 63 00 00 00 00
  3939.76    7.93  20 01 02 00 00 39 20 ff 00 00 e6 00 00 00 00
  3947.85    8.09  20 01 02 00 00 36 60 ff 00 00 a9 00 00 00 00
  3963.83   15.98  20 01 02 00 00 3d 90 ff 00 00 72 00 00 00 00
  3971.88    8.05  20 01 02 00 00 36 b0 ff 00 00 59 00 00 00 00
  3979.80    7.92  20 01 02 00 00 2c 00 00 00 00 12 00 00 00 00
  3993.86   14.06  20 01 02 00 00 2a 40 00 00 00 d4 00 00 00 00
  4001.81    7.95  20 01 02 00 00 1f 70 00 00 00 af 00 00 00 00
  4017.83   16.02  20 01 02 00 00 1d d0 00 00 00 51 00 00 00 00
  4025.95    8.12  20 01 02 00 00 19 20 01 00 00 04 00 00 00 00
  4033.86    7.91  20 01 02 00 00 12 00 01 00 00 2b 00 00 00 00
  4049.82   15.97  20 01 02 00 00 10 30 01 00 00 fd 00 00 00 00
  4057.80    7.98  20 01 02 00 00 11 20 02 00 00 0b 00 00 00 00
  4065.85    8.05  20 01 02 00 00 09 c0 01 00 00 74 00 00 00 00
  4081.86   16.00  20 01 02 00 00 02 70 02 00 00 ca 00 00 00 00
  4089.78    7.92  20 01 02 00 00 fa 7f 02 00 00 c3 00 00 00 00
  4095.84    6.06  20 01 02 00 00 f2 9f 02 00 00 ab 00 00 00 00
  4111.94   16.10  20 01 02 00 00 ef 4f 02 00 00 fe 00 00 00 00
  4119.77    7.83  20 01 02 00 00 ea 8f 02 00 00 c3 00 00 00 00
  4127.82    8.06  20 01 02 00 00 e7 1f 02 00 00 36 00 00 00 00
  4143.86   16.04  20 01 02 00 00 df 5f 02 00 00 fe 00 00 00 00
  4151.83    7.97  20 01 02 00 00 da 1f 02 00 00 43 00 00 00 00
  4159.84    8.01  20 01 02 00 00 cf 1f 02 00 00 4e 00 00 00 00
  4175.89   16.05  20 01 02 00 00 cd cf 01 00 00 a1 00 00 00 00
  4183.80    7.91  20 01 02 00 00 cc 8f 01 00 00 e2 00 00 00 00
  4192.18    8.38  20 01 02 00 00 c4 2f 01 00 00 4a 00 00 00 00
  4205.94   13.76  20 01 02 00 00 c9 cf 00 00 00 a6 00 00 00 00
  4214.04    8.10  20 01 02 00 00 cb af 00 00 00 c4 00 00 00 00
  4222.04    8.00  20 01 02 00 00 cd 2f 00 00 00 42 00 00 00 00
  4237.96   15.92  20 01 02 00 00 cd 0f 00 00 00 62 00 00 00 00
  4245.96    8.00  20 01 02 00 00 d6 ef ff 00 00 7a 00 00 00 00
  4253.84    7.88  20 01 02 00 00 d9 af ff 00 00 b7 00 00 00 00
  4269.98   16.13  20 01 02 00 00 e1 9f ff 00 00 bf 00 00 00 00
  4277.85    7.87  20 01 02 00 00 e3 5f ff 00 00 fd 00 00 00 00
  4285.92    8.08  20 01 02 00 00 ea 2f ff 00 00 26 00 00 00 00
  4300.00   14.08  20 01 02 00 00 f2 3f ff 00 00 0e 00 00 00 00
  4308.34    8.34  20 01 02 00 00 f5 1f ff 00 00 2b 00 00 00 00
  4316.32    7.99  20 01 02 00 00 f7 bf fe 00 00 8a 00 00 00 00
  4331.96   15.64  20 01 02 00 00 fd 5f fe 00 00 e4 00 00 00 00
  4339.95    7.98  20 01 02 00 00 08 30 fe 00 00 08 00 00 00 00
  4347.94    7.99  20 01 02 00 00 16 b0 fd 00 00 7b 00 00 00 00
  4363.85   15.91  20 01 02 00 00 18 50 fe 00 00 d8 00 00 00 00
  4371.86    8.02  20 01 02 00 00 28 20 fe 00 00 f8 00 00 00 00
  4379.88    8.01  20 01 02 00 00 2b 60 fe 00 00 b5 00 00 00 00
  4396.02   16.15  20 01 02 00 00 31 a0 fe 00 00 6f 00 00 00 00
  4404.31    8.28  20 01 02 00 00 31 50 ff 00 00 be 00 00 00 00
  4410.38    6.07  20 01 02 00 00 28 a0 ff 00 00 77 00 00 00 00
  4425.91   15.53  20 01 02 00 00 2b 10 00 00 00 03 00 00 00 00
  4433.93    8.02  20 01 02 00 00 1f 40 00 00 00 df 00 00 00 00
  4441.98    8.05  20 01 02 00 00 1c b0 00 00 00 72 00 00 00 00
  4458.20   16.22  20 01 02 00 00 16 b0 00 00 00 78 00 00 00 00
  4465.98    7.78  20 01 02 00 00 0f 90 00 00 00 9f 00 00 00 00
  4473.91    7.93  20 01 02 00 00 0b 90 00 00 00 a3 00 00 00 00
  4490.07   16.16  20 01 02 00 00 06 70 00 00 00 c8 00 00 00 00
  4497.99    7.92  20 01 02 00 00 05 70 00 00 00 c9 00 00 00 00
  4505.84    7.85  20 01 02 00 00 04 c0 00 00 00 7a 00 00 00 00
  4520.35   14.51  20 01 02 00 00 01 a0 00 00 00 9d 00 00 00 00
  4528.01    7.67  20 01 02 00 00 ff 8f 00 00 00 b0 00 00 00 00
  4536.00    7.99  20 01 02 00 00 fe 5f 00 00 00 e1 00 00 00 00
  4552.45   16.45  20 01 02 00 00 ff 5f 00 00 00 e0 00 00 00 00
  4560.34    7.90  20 01 02 00 00 ff 3f 00 00 00 00 00 00 00 00
  4568.35    8.01  20 01 02 00 00 ff 3f 00 00 00 00 00 00 00 00
  4583.92   15.57  20 01 02 00 00 ff 2f 00 00 00 10 00 00 00 00
  4591.91    7.99  20 01 02 00 00 ff 1f 00 00 00 20 00 00 00 00
  4616.27   24.36  20 01 02 01 00 00 00 00 00 00 3d 00 00 00 00
  4779.83  163.56  20 01 02 00 00 00 00 00 00 00 3e 00 00 00 00
  4881.85  102.02  20 01 02 01 00 00 00 00 00 00 3d 00 00 00 00
  5045.92  164.07  20 01 02 00 00 00 00 00 00 00 3e 00 00 00 00
  5179.85  133.94  20 01 02 00 00 ef cf ff 00 00 81 00 00 00 00
  5187.76    7.91  20 01 02 00 00 f9 ff ff 00 00 47 00 00 00 00
  5203.93   16.16  20 01 02 00 00 f5 0f 00 00 00 3a 00 00 00 00
  5211.87    7.94  20 01 02 00 00 f1 1f 00 00 00 2e 00 00 00 00
  5219.85    7.98  20 01 02 00 00 ed 1f 00 00 00 32 00 00 00 00
  5233.86   14.00  20 01 02 00 00 eb 1f 00 00 00 34 00 00 00 00
  5242.02    8.16  20 01 02 00 00 e3 2f 00 00 00 2c 00 00 00 00
  5249.83    7.82  20 01 02 00 00 e5 2f 00 00 00 2a 00 00 00 00
  5266.00   16.17  20 01 02 00 00 e2 3f 00 00 00 1d 00 00 00 00
  5273.91    7.91  20 01 02 00 00 df 1f 00 00 00 40 00 00 00 00
  5281.95    8.04  20 01 02 00 00 e5 2f 00 00 00 2a 00 00 00 00
  5297.99   16.03  20 01 02 00 00 e2 0f 00 00 00 4d 00 00 00 00
  5305.84    7.85  20 01 02 00 00 e4 0f 00 00 00 4b 00 00 00 00
  5313.92    8.09  20 01 02 00 00 e8 0f 00 00 00 47 00 00 00 00
  5329.86   15.94  20 01 02 00 00 e7 ef ff 00 00 69 00 00 00 00
  5337.86    7.99  20 01 02 00 00 eb ef ff 00 00 65 00 00 00 00
  5343.85    5.99  20 01 02 00 00 f0 ef ff 00 00 60 00 00 00 00
  5360.27   16.42  20 01 02 00 00 f3 ef ff 00 00 5d 00 00 00 00
  5367.77    7.50  20 01 02 00 00 f3 ef ff 00 00 5d 00 00 00 00
  5375.87    8.10  20 01 02 00 00 f3 ef ff 00 00 5d 00 00 00 00
  5391.82   15.95  20 01 02 00 00 f4 ef ff 00 00 5c 00 00 00 00
  5399.97    8.15  20 01 02 00 00 f8 df ff 00 00 68 00 00 00 00
  5407.91    7.94  20 01 02 00 00 fa ff ff 00 00 46 00 00 00 00
  5423.85   15.94  20 01 02 00 00 fe 0f 00 00 00 31 00 00 00 00
  5431.82    7.97  20 01 02 00 00 fd 0f 00 00 00 32 00 00 00 00
  5453.84   22.02  20 01 02 01 00 00 00 00 00 00 3d 00 00 00 00
  5572.01  118.17  20 01 02 00 00 00 00 00 00 00 3e 00 00 00 00
  5657.81   85.80  20 01 02 01 00 00 00 00 00 00 3d 00 00 00 00
  5775.98  118.17  20 01 02 00 00 00 00 00 00 00 3e 00 00 00 00
  5815.88   39.90  20 01 02 00 00 12 70 ff 00 00 bd 00 00 00 00
  5823.92    8.04  20 01 02 00 00 06 c0 ff 00 00 79 00 00 00 00
  6231.92  408.00  20 01 02 01 00 00 00 00 00 00 3d 00 00 00 00
  6318.33   86.42  20 01 02 01 00 00 20 00 00 00 1d 00 00 00 00
  6325.79    7.46  20 01 02 01 00 00 10 00 00 00 2d 00 00 00 00
  6350.01   24.22  20 01 02 01 00 01 10 00 00 00 2c 00 00 00 00
  6365.82   15.81  20 01 02 01 00 00 10 00 00 00 2d 00 00 00 00
  6427.97   62.15  20 01 02 00 00 00 f0 ff 00 00 4f 00 00 00 00
  6443.93   15.96  20 01 02 00 00 01 10 00 00 00 2d 00 00 00 00
  6844.11  400.18  20 01 02 01 00 00 00 00 00 00 3d 00 00 00 00
  6999.91  155.80  20 01 02 00 00 00 00 00 00 00 3e 00 00 00 00
  7621.97  622.06  20 01 02 00 00 01 50 ff 00 00 ee 00 00 00 00
  7675.94   53.98  20 01 02 00 00 00 00 00 01 00 3d 00 00 00 00
  7683.83    7.88  20 01 02 00 00 00 00 00 0c 00 32 00 00 00 00
  7699.79   15.96  20 01 02 00 00 00 00 00 0d 00 31 00 00 00 00
  7707.83    8.04  20 01 02 00 00 00 00 00 0f 00 2f 00 00 00 00
  7715.84    8.01  20 01 02 00 00 00 00 00 10 00 2e 00 00 00 00
  7729.77   13.93  20 01 02 00 00 00 00 00 0f 00 2f 00 00 00 00
  7737.88    8.11  20 01 02 00 00 00 00 00 0e 00 30 00 00 00 00
  7745.96    8.08  20 01 02 00 00 00 00 00 0d 00 31 00 00 00 00
  7761.90   15.93  20 01 02 00 00 00 00 00 0e 00 30 00 00 00 00
  7769.97    8.07  20 01 02 00 00 00 00 00 0a 00 34 00 00 00 00
  7777.86    7.89  20 01 02 00 00 00 00 00 0b 00 33 00 00 00 00
  7793.89   16.03  20 01 02 00 00 00 00 00 08 00 36 00 00 00 00
  7801.91    8.01  20 01 02 00 00 00 00 00 06 00 38 00 00 00 00
  7809.90    8.00  20 01 02 00 00 00 00 00 05 00 39 00 00 00 00
  7825.90   15.99  20 01 02 00 00 00 00 00 05 00 39 00 00 00 00
  7831.82    5.92  20 01 02 00 00 00 00 00 04 00 3a 00 00 00 00
  7839.85    8.04  20 01 02 00 00 00 00 00 04 00 3a 00 00 00 00
  7855.79   15.94  20 01 02 00 00 00 00 00 04 00 3a 00 00 00 00
  7863.84    8.04  20 01 02 00 00 00 00 00 03 00 3b 00 00 00 00
  7871.82    7.99  20 01 02 00 00 00 00 00 02 00 3c 00 00 00 00
  7887.88   16.06  20 01 02 00 00 00 00 00 01 00 3d 00 00 00 00
  7904.05   16.17  20 01 02 00 00 00 00 00 ff 00 3f 00 00 00 00
  7920.33   16.28  20 01 02 00 00 00 00 00 fe 00 40 00 00 00 00
  7927.85    7.52  20 01 02 00 00 00 00 00 fc 00 42 00 00 00 00
  7933.93    6.07  20 01 02 00 00 00 00 00 fb 00 43 00 00 00 00
  7949.88   15.96  20 01 02 00 00 00 00 00 fb 00 43 00 00 00 00
  7957.89    8.01  20 01 02 00 00 00 00 00 f9 00 45 00 00 00 00
  7965.85    7.96  20 01 02 00 00 00 00 00 f9 00 45 00 00 00 00
  7981.95   16.09  20 01 02 00 00 00 00 00 f9 00 45 00 00 00 00
  7989.78    7.84  20 01 02 00 00 00 00 00 f8 00 46 00 00 00 00
  7997.79    8.01  20 01 02 00 00 00 00 00 f9 00 45 00 00 00 00
  8013.91   16.12  20 01 02 00 00 00 00 00 f6 00 48 00 00 00 00
  8021.85    7.94  20 01 02 00 00 00 00 00 f7 00 47 00 00 00 00
  8029.77    7.91  20 01 02 00 00 00 00 00 f6 00 48 00 00 00 00
  8043.76   14.00  20 01 02 00 00 00 00 00 f6 00 48 00 00 00 00
  8051.85    8.08  20 01 02 00 00 00 00 00 f7 00 47 00 00 00 00
  8059.79    7.94  20 01 02 00 00 00 00 00 f8 00 46 00 00 00 00
  8075.79   16.00  20 01 02 00 00 00 00 00 f6 00 48 00 00 00 00
  8083.85    8.06  20 01 02 00 00 00 00 00 f8 00 46 00 00 00 00
  8091.87    8.02  20 01 02 00 00 00 00 00 fa 00 44 00 00 00 00
  8107.86   15.99  20 01 02 00 00 00 00 00 fa 00 44 00 00 00 00
  8116.03    8.17  20 01 02 00 00 00 00 00 fc 00 42 00 00 00 00
  8123.85    7.82  20 01 02 00 00 00 00 00 fd 00 41 00 00 00 00
  8137.78   13.93  20 01 02 00 00 00 00 00 fd 00 41 00 00 00 00
  8145.94    8.16  20 01 02 00 00 00 00 00 fe 00 40 00 00 00 00
  8161.77   15.83  20 01 02 00 00 00 00 00 fe 00 40 00 00 00 00
  8169.89    8.11  20 01 02 00 00 00 00 00 ff 00 3f 00 00 00 00
  8177.92    8.04  20 01 02 00 00 00 00 00 ff 00 3f 00 00 00 00
  8201.89   23.97  20 01 02 00 00 00 00 00 01 00 3d 00 00 00 00
  8209.93    8.03  20 01 02 00 00 00 00 00 01 00 3d 00 00 00 00
  8225.93   16.00  20 01 02 00 00 00 00 00 05 00 39 00 00 00 00
  8233.97    8.04  20 01 02 00 00 00 00 00 08 00 36 00 00 00 00
  8242.33    8.36  20 01 02 00 00 00 00 00 0b 00 33 00 00 00 00
  8255.94   13.61  20 01 02 00 00 00 00 00 0b 00 33 00 00 00 00
  8263.90    7.96  20 01 02 00 00 00 00 00 0b 00 33 00 00 00 00
  8271.88    7.98  20 01 02 00 00 00 00 00 09 00 35 00 00 00 00
  8287.96   16.08  20 01 02 00 00 00 00 00 0a 00 34 00 00 00 00
  8295.91    7.95  20 01 02 00 00 00 00 00 07 00 37 00 00 00 00
  8304.00    8.09  20 01 02 00 00 00 00 00 05 00 39 00 00 00 00
  8319.89   15.89  20 01 02 00 00 00 00 00 03 00 3b 00 00 00 00
  8327.77    7.88  20 01 02 00 00 00 00 00 01 00 3d 00 00 00 00
  8357.94   30.17  20 01 02 00 00 00 00 00 ff 00 3f 00 00 00 00
  8381.94   24.00  20 01 02 00 00 00 00 00 fd 00 41 00 00 00 00
  8389.91    7.98  20 01 02 00 00 00 00 00 fc 00 42 00 00 00 00
  8397.99    8.08  20 01 02 00 00 00 00 00 fa 00 44 00 00 00 00
  8413.91   15.92  20 01 02 00 00 00 00 00 f5 00 49 00 00 00 00
  8422.38    8.47  20 01 02 00 00 00 00 00 f2 00 4c 00 00 00 00
  8430.35    7.97  20 01 02 00 00 00 00 00 ef 00 4f 00 00 00 00
  8445.92   15.57  20 01 02 00 00 00 00 00 f2 00 4c 00 00 00 00
  8451.91    5.99  20 01 02 00 00 00 00 00 ef 00 4f 00 00 00 00
  8459.89    7.98  20 01 02 00 00 00 00 00 f2 00 4c 00 00 00 00
  8475.96   16.07  20 01 02 00 00 00 00 00 f1 00 4d 00 00 00 00
  8483.88    7.92  20 01 02 00 00 00 00 00 f4 00 4a 00 00 00 00
  8491.91    8.03  20 01 02 00 00 00 00 00 f5 00 49 00 00 00 00
  8507.88   15.97  20 01 02 00 00 00 00 00 f3 00 4b 00 00 00 00
  8515.86    7.98  20 01 02 00 00 00 00 00 f4 00 4a 00 00 00 00
  8523.85    7.99  20 01 02 00 00 00 00 00 f6 00 48 00 00 00 00
  8539.86   16.01  20 01 02 00 00 00 00 00 f7 00 47 00 00 00 00
  8547.87    8.01  20 01 02 00 00 00 00 00 f9 00 45 00 00 00 00
  8554.31    6.44  20 01 02 00 00 00 00 00 fb 00 43 00 00 00 00
  8569.91   15.60  20 01 02 00 00 00 00 00 fd 00 41 00 00 00 00
  8578.07    8.15  20 01 02 00 00 00 00 00 ff 00 3f 00 00 00 00
  8585.86    7.79  20 01 02 00 00 00 00 00 ff 00 3f 00 00 00 00
  8609.85   24.00  20 01 02 00 00 00 00 00 ff 00 3f 00 00 00 00
  8633.94   24.09  20 01 02 00 00 00 00 00 fe 00 40 00 00 00 00
  8641.85    7.90  20 01 02 00 00 00 00 00 fe 00 40 00 00 00 00
  8650.04    8.19  20 01 02 00 00 00 00 00 fd 00 41 00 00 00 00
  8663.97   13.93  20 01 02 00 00 00 00 00 fc 00 42 00 00 00 00
  8671.91    7.94  20 01 02 00 00 00 00 00 fb 00 43 00 00 00 00
  8679.86    7.95  20 01 02 00 00 00 00 00 fb 00 43 00 00 00 00
  8696.33   16.47  20 01 02 00 00 00 00 00 f9 00 45 00 00 00 00
  8703.98    7.65  20 01 02 00 00 00 00 00 f7 00 47 00 00 00 00
  8711.86    7.88  20 01 02 00 00 00 00 00 f5 00 49 00 00 00 00
  8727.92   16.06  20 01 02 00 00 00 00 00 f6 00 48 00 00 00 00
  8751.84   23.92  20 01 02 00 00 0a 40 02 f4 00 fe 00 00 00 00
  8757.91    6.06  20 01 02 00 00 0d 50 01 f4 00 ec 00 00 00 00
  8766.01    8.11  20 01 02 00 00 15 90 01 f5 00 a3 00 00 00 00
  8773.90    7.89  20 01 02 00 00 00 00 00 f5 00 49 00 00 00 00
  8781.96    8.05  20 01 02 00 00 00 00 00 f5 00 49 00 00 00 00
  8790.06    8.10  20 01 02 00 00 00 00 00 f6 00 48 00 00 00 00
  8797.84    7.78  20 01 02 00 00 50 70 02 f5 00 87 00 00 00 00
  8805.94    8.09  20 01 02 00 00 2a 60 00 f6 00 be 00 00 00 00
  8813.90    7.96  20 01 02 00 00 00 00 00 f6 00 48 00 00 00 00
  8821.88    7.99  20 01 02 00 00 0a 10 00 f6 00 2e 00 00 00 00
  8829.93    8.05  20 01 02 00 00 73 40 ff f7 00 95 00 00 00 00
  8837.89    7.97  20 01 02 00 00 00 00 00 f6 00 48 00 00 00 00
  8845.93    8.03  20 01 02 00 00 00 00 00 f7 00 47 00 00 00 00
  8853.87    7.94  20 01 02 00 00 00 00 00 f7 00 47 00 00 00 00
  8862.02    8.15  20 01 02 00 00 00 00 00 f7 00 47 00 00 00 00
  8868.00    5.98  20 01 02 00 00 00 00 00 f7 00 47 00 00 00 00
  8875.93    7.93  20 01 02 00 00 00 00 00 f8 00 46 00 00 00 00
  8883.92    7.99  20 01 02 00 00 00 00 00 f8 00 46 00 00 00 00
  8891.90    7.98  20 01 02 00 00 00 00 00 f7 00 47 00 00 00 00
  8899.88    7.98  20 01 02 00 00 00 00 00 f9 00 45 00 00 00 00
  8907.91    8.03  20 01 02 00 00 00 00 00 f9 00 45 00 00 00 00
  8915.95    8.04  20 01 02 00 00 00 00 00 fa 00 44 00 00 00 00
  8923.96    8.01  20 01 02 00 00 00 00 00 f9 00 45 00 00 00 00
  8931.86    7.90  20 01 02 00 00 00 00 00 fa 00 44 00 00 00 00
  8939.84    7.98  20 01 02 00 00 00 00 00 f9 00 45 00 00 00 00
  8947.86    8.02  20 01 02 00 00 00 00 00 fa 00 44 00 00 00 00
  8955.84    7.98  20 01 02 00 00 00 00 00 fb 00 43 00 00 00 00
  8963.84    8.00  20 01 02 00 00 00 00 00 fb 00 43 00 00 00 00
  8969.99    6.16  20 01 02 00 00 00 00 00 fb 00 43 00 00 00 00
  8977.90    7.91  20 01 02 00 00 00 00 00 fb 00 43 00 00 00 00
  8985.96    8.06  20 01 02 00 00 00 00 00 fb 00 43 00 00 00 00
  8993.97    8.01  20 01 02 00 00 00 00 00 fb 00 43 00 00 00 00
  9001.95    7.98  20 01 02 00 00 00 00 00 fc 00 42 00 00 00 00
  9009.97    8.02  20 01 02 00 00 00 00 00 fb 00 43 00 00 00 00
  9017.84    7.87  20 01 02 00 00 00 00 00 fc 00 42 00 00 00 00
  9025.88    8.04  20 01 02 00 00 00 00 00 fc 00 42 00 00 00 00
  9033.84    7.96  20 01 02 00 00 00 00 00 fc 00 42 00 00 00 00
  9041.91    8.07  20 01 02 00 00 00 00 00 fd 00 41 00 00 00 00
  9049.96    8.05  20 01 02 00 00 00 00 00 fd 00 41 00 00 00 00
  9057.89    7.93  20 01 02 00 00 00 00 00 fc 00 42 00 00 00 00
  9065.95    8.06  20 01 02 00 00 00 00 00 fd 00 41 00 00 00 00
  9072.05    6.11  20 01 02 00 00 00 00 00 fd 00 41 00 00 00 00
  9079.86    7.81  20 01 02 00 00 00 00 00 fc 00 42 00 00 00 00
  9087.92    8.06  20 01 02 00 00 00 00 00 fd 00 41 00 00 00 00
  9095.91    7.99  20 01 02 00 00 00 00 00 fd 00 41 00 00 00 00
  9143.95   48.04  20 01 02 00 00 00 00 00 01 00 3d 00 00 00 00
  9159.93   15.98  20 01 02 00 00 00 00 00 0a 00 34 00 00 00 00
  9167.99    8.06  20 01 02 00 00 00 00 00 0d 00 31 00 00 00 00
  9173.77    5.78  20 01 02 00 00 00 00 00 0e 00 30 00 00 00 00
  9189.89   16.12  20 01 02 00 00 00 00 00 0f 00 2f 00 00 00 00
  9197.92    8.03  20 01 02 00 00 00 00 00 0e 00 30 00 00 00 00
  9205.94    8.02  20 01 02 00 00 00 00 00 12 00 2c 00 00 00 00
  9222.28   16.34  20 01 02 00 00 00 00 00 0e 00 30 00 00 00 00
  9229.75    7.47  20 01 02 00 00 00 00 00 11 00 2d 00 00 00 00
  9237.93    8.18  20 01 02 00 00 00 00 00 0d 00 31 00 00 00 00
  9254.31   16.38  20 01 02 00 00 00 00 00 0d 00 31 00 00 00 00
  9261.88    7.57  20 01 02 00 00 00 00 00 0b 00 33 00 00 00 00
  9270.07    8.20  20 01 02 00 00 00 00 00 08 00 36 00 00 00 00
  9283.83   13.76  20 01 02 00 00 00 00 00 0c 00 32 00 00 00 00
  9291.97    8.13  20 01 02 00 00 00 00 00 09 00 35 00 00 00 00
  9299.84    7.88  20 01 02 00 00 00 00 00 09 00 35 00 00 00 00
  9315.91   16.07  20 01 02 00 00 00 00 00 0b 00 33 00 00 00 00
  9323.86    7.95  20 01 02 00 00 00 00 00 08 00 36 00 00 00 00
  9331.87    8.01  20 01 02 00 00 00 00 00 08 00 36 00 00 00 00
  9347.87   16.00  20 01 02 00 00 00 00 00 05 00 39 00 00 00 00
  9372.02   24.15  20 01 02 00 00 00 00 00 0a 00 34 00 00 00 00
  9377.79    5.77  20 01 02 00 00 00 00 00 0a 00 34 00 00 00 00
  9385.87    8.08  20 01 02 00 00 00 00 00 09 00 35 00 00 00 00
  9393.86    7.99  20 01 02 00 00 00 00 00 0a 00 34 00 00 00 00
  9401.82    7.96  20 01 02 00 00 00 00 00 09 00 35 00 00 00 00
  9410.07    8.25  20 01 02 00 00 00 00 00 09 00 35 00 00 00 00
  9420.00    9.93  20 01 02 00 00 00 00 00 12 00 2c 00 00 00 00
  9434.26   14.26  20 01 02 00 00 00 00 00 09 00 35 00 00 00 00
  9441.93    7.67  20 01 02 00 00 00 00 00 08 00 36 00 00 00 00
  9449.86    7.92  20 01 02 00 00 00 00 00 08 00 36 00 00 00 00
  9458.07    8.21  20 01 02 00 00 00 00 00 08 00 36 00 00 00 00
  9466.02    7.95  20 01 02 00 00 00 00 00 07 00 37 00 00 00 00
  9474.02    8.00  20 01 02 00 00 00 00 00 07 00 37 00 00 00 00
  9481.99    7.97  20 01 02 00 00 00 00 00 07 00 37 00 00 00 00
  9487.89    5.90  20 01 02 00 00 00 00 00 06 00 38 00 00 00 00
  9496.00    8.11  20 01 02 00 00 00 00 00 07 00 37 00 00 00 00
  9503.89    7.90  20 01 02 00 00 00 00 00 06 00 38 00 00 00 00
  9511.91    8.02  20 01 02 00 00 00 00 00 06 00 38 00 00 00 00
  9597.95   86.03  20 01 02 00 00 00 00 00 ff 00 3f 00 00 00 00
  9606.01    8.06  20 01 02 00 00 00 00 00 f8 00 46 00 00 00 00
  9613.89    7.88  20 01 02 00 00 00 00 00 f5 00 49 00 00 00 00
  9630.05   16.15  20 01 02 00 00 00 00 00 f7 00 47 00 00 00 00
  9637.90    7.85  20 01 02 00 00 00 00 00 f7 00 47 00 00 00 00
  9645.91    8.02  20 01 02 00 00 00 00 00 f5 00 49 00 00 00 00
  9661.95   16.04  20 01 02 00 00 00 00 00 f7 00 47 00 00 00 00
  9670.35    8.40  20 01 02 00 00 00 00 00 f8 00 46 00 00 00 00
  9677.98    7.63  20 01 02 00 00 00 00 00 f4 00 4a 00 00 00 00
  9694.00   16.02  20 01 02 00 00 00 00 00 f6 00 48 00 00 00 00
  9699.98    5.98  20 01 02 00 00 00 00 00 f6 00 48 00 00 00 00
  9707.98    8.00  20 01 02 00 00 00 00 00 f3 00 4b 00 00 00 00
  9724.12   16.14  20 01 02 00 00 00 00 00 f6 00 48 00 00 00 00
  9731.88    7.76  20 01 02 00 00 00 00 00 f3 00 4b 00 00 00 00
  9739.86    7.98  20 01 02 00 00 00 00 00 f3 00 4b 00 00 00 00
  9755.99   16.13  20 01 02 00 00 00 00 00 f5 00 49 00 00 00 00
  9763.92    7.93  20 01 02 00 00 00 00 00 f1 00 4d 00 00 00 00
  9771.83    7.90  20 01 02 00 00 00 00 00 f4 00 4a 00 00 00 00
  9788.01   16.19  20 01 02 00 00 00 00 00 f0 00 4e 00 00 00 00
  9795.98    7.97  20 01 02 00 00 00 00 00 f1 00 4d 00 00 00 00
  9801.87    5.89  20 01 02 00 00 00 00 00 ee 00 50 00 00 00 00
  9817.90   16.03  20 01 02 00 00 00 00 00 f2 00 4c 00 00 00 00
  9825.91    8.01  20 01 02 00 00 00 00 00 e8 00 56 00 00 00 00
  9833.90    7.99  20 01 02 00 00 00 00 00 eb 00 53 00 00 00 00
  9849.93   16.02  20 01 02 00 00 00 00 00 ea 00 54 00 00 00 00
  9873.95   24.02  20 01 02 00 00 00 00 00 e6 00 58 00 00 00 00
  9881.93    7.99  20 01 02 00 00 00 00 00 e8 00 56 00 00 00 00
  9889.93    8.00  20 01 02 00 00 00 00 00 e7 00 57 00 00 00 00
  9897.87    7.93  20 01 02 00 00 00 00 00 e8 00 56 00 00 00 00
  9904.05    6.18  20 01 02 00 00 00 00 00 e9 00 55 00 00 00 00
  9911.91    7.87  20 01 02 00 00 00 00 00 e9 00 55 00 00 00 00
  9920.00    8.08  20 01 02 00 00 00 00 00 e9 00 55 00 00 00 00
  9927.91    7.92  20 01 02 00 00 00 00 00 ea 00 54 00 00 00 00
  9935.93    8.02  20 01 02 00 00 00 00 00 eb 00 53 00 00 00 00
  9943.85    7.91  20 01 02 00 00 00 00 00 eb 00 53 00 00 00 00
  9951.91    8.06  20 01 02 00 00 00 00 00 eb 00 53 00 00 00 00
  9959.87    7.96  20 01 02 00 00 00 00 00 ec 00 52 00 00 00 00
  9967.93    8.07  20 01 02 00 00 00 00 00 ec 00 52 00 00 00 00
  9975.86    7.93  20 01 02 00 00 00 00 00 ec 00 52 00 00 00 00
  9983.83    7.96  20 01 02 00 00 00 00 00 ed 00 51 00 00 00 00
  9991.94    8.11  20 01 02 00 00 00 00 00 ed 00 51 00 00 00 00
  9999.79    7.85  20 01 02 00 00 00 00 00 ee 00 50 00 00 00 00
 10005.87    6.08  20 01 02 00 00 00 00 00 ee 00 50 00 00 00 00
 10070.00   64.14  20 01 02 00 00 00 00 00 01 00 3d 00 00 00 00
 10077.86    7.86  20 01 02 00 00 00 00 00 0a 00 34 00 00 00 00
 10093.83   15.97  20 01 02 00 00 00 00 00 0d 00 31 00 00 00 00
 10101.89    8.05  20 01 02 00 00 00 00 00 0d 00 31 00 00 00 00
 10109.91    8.02  20 01 02 00 00 00 00 00 0f 00 2f 00 00 00 00
 10123.87   13.97  20 01 02 00 00 00 00 00 0e 00 30 00 00 00 00
 10131.91    8.03  20 01 02 00 00 00 00 00 0f 00 2f 00 00 00 00
 10139.89    7.99  20 01 02 00 00 00 00 00 0e 00 30 00 00 00 00
 10155.88   15.98  20 01 02 00 00 00 00 00 10 00 2e 00 00 00 00
 10163.88    8.00  20 01 02 00 00 00 00 00 0e 00 30 00 00 00 00
 10171.87    7.99  20 01 02 00 00 00 00 00 13 00 2b 00 00 00 00
 10187.83   15.96  20 01 02 00 00 00 00 00 0f 00 2f 00 00 00 00
 10195.92    8.08  20 01 02 00 00 00 00 00 13 00 2b 00 00 00 00
 10204.03    8.11  20 01 02 00 00 00 00 00 11 00 2d 00 00 00 00
 10217.94   13.91  20 01 02 00 00 00 00 00 10 00 2e 00 00 00 00
 10225.91    7.96  20 01 02 00 00 00 00 00 12 00 2c 00 00 00 00
 10234.07    8.17  20 01 02 00 00 00 00 00 0f 00 2f 00 00 00 00
 10250.39   16.32  20 01 02 00 00 00 00 00 12 00 2c 00 00 00 00
 10273.97   23.57  20 01 02 00 00 00 00 00 15 00 29 00 00 00 00
 10281.97    8.00  20 01 02 00 00 00 00 00 14 00 2a 00 00 00 00
 10289.87    7.89  20 01 02 00 00 00 00 00 15 00 29 00 00 00 00
 10297.85    7.99  20 01 02 00 00 00 00 00 14 00 2a 00 00 00 00
 10305.85    7.99  20 01 02 00 00 00 00 00 13 00 2b 00 00 00 00
 10313.93    8.08  20 01 02 00 00 00 00 00 13 00 2b 00 00 00 00
 10319.92    5.99  20 01 02 00 00 00 00 00 13 00 2b 00 00 00 00
 10327.88    7.96  20 01 02 00 00 00 00 00 12 00 2c 00 00 00 00
 10335.93    8.05  20 01 02 00 00 00 00 00 12 00 2c 00 00 00 00
 10344.05    8.12  20 01 02 00 00 00 00 00 12 00 2c 00 00 00 00
 10352.03    7.98  20 01 02 00 00 00 00 00 11 00 2d 00 00 00 00
 10359.90    7.86  20 01 02 00 00 00 00 00 11 00 2d 00 00 00 00
 10368.11    8.21  20 01 02 00 00 00 00 00 10 00 2e 00 00 00 00
 10376.36    8.26  20 01 02 00 00 00 00 00 11 00 2d 00 00 00 00
 10384.00    7.64  20 01 02 00 00 00 00 00 10 00 2e 00 00 00 00
 10392.35    8.35  20 01 02 00 00 00 00 00 0f 00 2f 00 00 00 00
 10399.93    7.58  20 01 02 00 00 00 00 00 0f 00 2f 00 00 00 00
 10407.87    7.95  20 01 02 00 00 00 00 00 1e 00 20 00 00 00 00
 10424.39   16.52  20 01 02 00 00 00 00 00 0e 00 30 00 00 00 00
 10478.00   53.61  20 01 02 00 00 00 00 00 ff 00 3f 00 00 00 00
 10486.17    8.16  20 01 02 00 00 00 00 00 f8 00 46 00 00 00 00
 10501.89   15.73  20 01 02 00 00 00 00 00 f3 00 4b 00 00 00 00
 10510.35    8.46  20 01 02 00 00 00 00 00 f6 00 48 00 00 00 00
 10517.95    7.60  20 01 02 00 00 00 00 00 f6 00 48 00 00 00 00
 10531.85   13.90  20 01 02 00 00 00 00 00 f2 00 4c 00 00 00 00
 10539.90    8.05  20 01 02 00 00 00 00 00 f6 00 48 00 00 00 00
 10547.94    8.04  20 01 02 00 00 00 00 00 f1 00 4d 00 00 00 00
 10563.94   16.00  20 01 02 00 00 00 00 00 f6 00 48 00 00 00 00
 10572.10    8.16  20 01 02 00 00 00 00 00 f3 00 4b 00 00 00 00
 10579.96    7.86  20 01 02 00 00 00 00 00 f2 00 4c 00 00 00 00
 10595.86   15.90  20 01 02 00 00 00 00 00 f2 00 4c 00 00 00 00
 10604.04    8.18  20 01 02 00 00 00 00 00 ef 00 4f 00 00 00 00
 10611.85    7.81  20 01 02 00 00 00 00 00 f0 00 4e 00 00 00 00
 10625.87   14.02  20 01 02 00 00 00 00 00 eb 00 53 00 00 00 00
 10634.08    8.21  20 01 02 00 00 00 00 00 ea 00 54 00 00 00 00
 10641.98    7.90  20 01 02 00 00 00 00 00 ea 00 54 00 00 00 00
 10657.99   16.01  20 01 02 00 00 00 00 00 e4 00 5a 00 00 00 00
 10681.97   23.97  20 01 02 00 00 00 00 00 e2 00 5c 00 00 00 00
 10689.91    7.95  20 01 02 00 00 00 00 00 e3 00 5b 00 00 00 00
 10697.95    8.04  20 01 02 00 00 00 00 00 e4 00 5a 00 00 00 00
 10705.83    7.88  20 01 02 00 00 00 00 00 e4 00 5a 00 00 00 00
 10713.81    7.97  20 01 02 00 00 00 00 00 e4 00 5a 00 00 00 00
 10721.87    8.06  20 01 02 00 00 00 00 00 e6 00 58 00 00 00 00
 10727.97    6.11  20 01 02 00 00 00 00 00 e5 00 59 00 00 00 00
 10735.84    7.87  20 01 02 00 00 00 00 00 e7 00 57 00 00 00 00
 10743.93    8.09  20 01 02 00 00 00 00 00 e6 00 58 00 00 00 00
 10751.90    7.97  20 01 02 00 00 00 00 00 e8 00 56 00 00 00 00
 10759.89    7.99  20 01 02 00 00 00 00 00 e7 00 57 00 00 00 00
 10767.91    8.01  20 01 02 00 00 00 00 00 e9 00 55 00 00 00 00
 10776.04    8.13  20 01 02 00 00 00 00 00 e8 00 56 00 00 00 00
 10784.11    8.07  20 01 02 00 00 00 00 00 ea 00 54 00 00 00 00
 10791.99    7.88  20 01 02 00 00 00 00 00 e9 00 55 00 00 00 00
 10799.93    7.94  20 01 02 00 00 00 00 00 ea 00 54 00 00 00 00
 10807.90    7.98  20 01 02 00 00 00 00 00 eb 00 53 00 00 00 00
 10815.83    7.93  20 01 02 00 00 00 00 00 eb 00 53 00 00 00 00
 10823.90    8.06  20 01 02 00 00 00 00 00 eb 00 53 00 00 00 00
 10831.92    8.02  20 01 02 00 00 00 00 00 ec 00 52 00 00 00 00
 10837.92    6.00  20 01 02 00 00 00 00 00 ec 00 52 00 00 00 00
 10845.88    7.96  20 01 02 00 00 00 00 00 ed 00 51 00 00 00 00
 10853.89    8.01  20 01 02 00 00 00 00 00 ed 00 51 00 00 00 00
 10861.97    8.08  20 01 02 00 00 00 00 00 ed 00 51 00 00 00 00
 10869.95    7.98  20 01 02 00 00 00 00 00 ee 00 50 00 00 00 00
 10877.90    7.95  20 01 02 00 00 00 00 00 ee 00 50 00 00 00 00
 10885.87    7.97  20 01 02 00 00 00 00 00 ee 00 50 00 00 00 00
 10893.86    7.99  20 01 02 00 00 00 00 00 ef 00 4f 00 00 00 00
 10901.83    7.98  20 01 02 00 00 00 00 00 ef 00 4f 00 00 00 00
 10910.06    8.23  20 01 02 00 00 00 00 00 f0 00 4e 00 00 00 00
 10917.97    7.90  20 01 02 00 00 00 00 00 f0 00 4e 00 00 00 00
 10925.95    7.99  20 01 02 00 00 00 00 00 f0 00 4e 00 00 00 00
 10933.89    7.94  20 01 02 00 00 00 00 00 f0 00 4e 00 00 00 00
 10939.82    5.94  20 01 02 00 00 00 00 00 f1 00 4d 00 00 00 00
 11003.97   64.14  20 01 02 00 00 00 00 00 00 01 3d 00 00 00 00
 11011.94    7.98  20 01 02 00 00 00 00 00 00 0f 2f 00 00 00 00
 11027.98   16.04  20 01 02 00 00 00 00 00 00 16 28 00 00 00 00
 11035.85    7.87  20 01 02 00 00 00 00 00 00 12 2c 00 00 00 00
 11043.93    8.09  20 01 02 00 00 00 00 00 00 13 2b 00 00 00 00
 11057.87   13.94  20 01 02 00 00 00 00 00 00 17 27 00 00 00 00
 11065.83    7.96  20 01 02 00 00 00 00 00 00 15 29 00 00 00 00
 11073.86    8.04  20 01 02 00 00 00 00 00 00 15 29 00 00 00 00
 11089.85   15.99  20 01 02 00 00 00 00 00 00 18 26 00 00 00 00
 11097.96    8.11  20 01 02 00 00 00 00 00 00 18 26 00 00 00 00
 11105.93    7.97  20 01 02 00 00 00 00 00 00 18 26 00 00 00 00
 11121.87   15.94  20 01 02 00 00 00 00 00 00 14 2a 00 00 00 00
 11130.39    8.52  20 01 02 00 00 00 00 00 00 14 2a 00 00 00 00
 11137.93    7.54  20 01 02 00 00 00 00 00 00 17 27 00 00 00 00
 11152.03   14.10  20 01 02 00 00 00 00 00 00 14 2a 00 00 00 00
 11159.96    7.93  20 01 02 00 00 00 00 00 00 12 2c 00 00 00 00
 11167.85    7.89  20 01 02 00 00 00 00 00 00 14 2a 00 00 00 00
 11183.88   16.03  20 01 02 00 00 00 00 00 00 13 2b 00 00 00 00
 11191.76    7.88  20 01 02 00 00 00 00 00 00 10 2e 00 00 00 00
 11199.81    8.05  20 01 02 00 00 00 00 00 00 12 2c 00 00 00 00
 11215.82   16.01  20 01 02 00 00 00 00 00 00 0e 30 00 00 00 00
 11223.86    8.04  20 01 02 00 00 00 00 00 00 0f 2f 00 00 00 00
 11231.97    8.11  20 01 02 00 00 00 00 00 00 09 35 00 00 00 00
 11261.89   29.92  20 01 02 00 00 00 00 00 00 11 2d 00 00 00 00
 11269.83    7.94  20 01 02 00 00 00 00 00 00 11 2d 00 00 00 00
 11277.87    8.04  20 01 02 00 00 00 00 00 00 11 2d 00 00 00 00
 11285.90    8.03  20 01 02 00 00 00 00 00 00 11 2d 00 00 00 00
 11293.87    7.97  20 01 02 00 00 00 00 00 00 10 2e 00 00 00 00
 11301.93    8.06  20 01 02 00 00 00 00 00 00 10 2e 00 00 00 00
 11310.01    8.08  20 01 02 00 00 00 00 00 00 0f 2f 00 00 00 00
 11317.93    7.92  20 01 02 00 00 00 00 00 00 0f 2f 00 00 00 00
 11325.85    7.92  20 01 02 00 00 00 00 00 00 0f 2f 00 00 00 00
 11333.82    7.98  20 01 02 00 00 00 00 00 00 0f 2f 00 00 00 00
 11341.84    8.01  20 01 02 00 00 00 00 00 00 0e 30 00 00 00 00
 11348.05    6.21  20 01 02 00 00 00 00 00 00 0e 30 00 00 00 00
 11355.96    7.91  20 01 02 00 00 00 00 00 00 0e 30 00 00 00 00
 11363.90    7.94  20 01 02 00 00 00 00 00 00 0d 31 00 00 00 00
 11371.91    8.01  20 01 02 00 00 00 00 00 00 0e 30 00 00 00 00
 11379.85    7.93  20 01 02 00 00 00 00 00 00 0d 31 00 00 00 00
 11387.84    8.00  20 01 02 00 00 00 00 00 00 0c 32 00 00 00 00
 11395.98    8.13  20 01 02 00 00 00 00 00 00 19 25 00 00 00 00
 11411.90   15.92  20 01 02 00 00 00 00 00 00 0b 33 00 00 00 00
 11419.94    8.04  20 01 02 00 00 00 00 00 00 0a 34 00 00 00 00
 11465.90   45.96  20 01 02 00 00 00 00 00 00 ff 3f 00 00 00 00
 11473.85    7.95  20 01 02 00 00 00 00 00 00 f8 46 00 00 00 00
 11481.94    8.09  20 01 02 00 00 00 00 00 00 f2 4c 00 00 00 00
 11497.90   15.95  20 01 02 00 00 00 00 00 00 f1 4d 00 00 00 00
 11505.84    7.94  20 01 02 00 00 00 00 00 00 ee 50 00 00 00 00
 11513.88    8.04  20 01 02 00 00 00 00 00 00 ef 4f 00 00 00 00
 11529.89   16.01  20 01 02 00 00 00 00 00 00 eb 53 00 00 00 00
 11537.87    7.98  20 01 02 00 00 00 00 00 00 e9 55 00 00 00 00
 11551.83   13.96  20 01 02 00 00 00 00 00 00 ea 54 00 00 00 00
 11559.90    8.07  20 01 02 00 00 00 00 00 00 ea 54 00 00 00 00
 11567.93    8.03  20 01 02 00 00 00 00 00 00 e8 56 00 00 00 00
 11583.85   15.92  20 01 02 00 00 00 00 00 00 e6 58 00 00 00 00
 11591.92    8.07  20 01 02 00 00 00 00 00 00 e8 56 00 00 00 00
 11599.90    7.98  20 01 02 00 00 00 00 00 00 e9 55 00 00 00 00
 11615.88   15.99  20 01 02 00 00 00 00 00 00 e9 55 00 00 00 00
 11623.80    7.91  20 01 02 00 00 00 00 00 00 e9 55 00 00 00 00
 11631.82    8.02  20 01 02 00 00 00 00 00 00 e8 56 00 00 00 00
 11647.90   16.08  20 01 02 00 00 00 00 00 00 ea 54 00 00 00 00
 11653.97    6.07  20 01 02 00 00 00 00 00 00 eb 53 00 00 00 00
 11661.96    7.99  20 01 02 00 00 00 00 00 00 ed 51 00 00 00 00
 11678.15   16.19  20 01 02 00 00 00 00 00 00 ef 4f 00 00 00 00
 11685.92    7.77  20 01 02 00 00 00 00 00 00 f7 47 00 00 00 00
 11709.94   24.02  20 01 02 00 00 00 00 00 00 eb 53 00 00 00 00
 11717.93    7.99  20 01 02 00 00 00 00 00 00 ec 52 00 00 00 00
 11725.99    8.06  20 01 02 00 00 00 00 00 00 ec 52 00 00 00 00
 11733.81    7.82  20 01 02 00 00 00 00 00 00 ed 51 00 00 00 00
 11741.85    8.04  20 01 02 00 00 00 00 00 00 ed 51 00 00 00 00
 11749.91    8.05  20 01 02 00 00 00 00 00 00 ed 51 00 00 00 00
 11755.96    6.06  20 01 02 00 00 00 00 00 00 ee 50 00 00 00 00
 11763.89    7.92  20 01 02 00 00 00 00 00 00 ee 50 00 00 00 00
 11771.97    8.08  20 01 02 00 00 00 00 00 00 ee 50 00 00 00 00
 11779.92    7.96  20 01 02 00 00 00 00 00 00 ef 4f 00 00 00 00
 11787.91    7.99  20 01 02 00 00 00 00 00 00 ef 4f 00 00 00 00
 11795.82    7.91  20 01 02 00 00 00 00 00 00 f0 4e 00 00 00 00
 11803.82    8.00  20 01 02 00 00 00 00 00 00 ef 4f 00 00 00 00
 11811.79    7.97  20 01 02 00 00 00 00 00 00 f1 4d 00 00 00 00
 11819.87    8.09  20 01 02 00 00 00 00 00 00 f0 4e 00 00 00 00
 11827.78    7.90  20 01 02 00 00 00 00 00 00 f1 4d 00 00 00 00
 11835.92    8.14  20 01 02 00 00 00 00 00 00 f1 4d 00 00 00 00
 11844.00    8.08  20 01 02 00 00 00 00 00 00 f1 4d 00 00 00 00
 11851.77    7.77  20 01 02 00 00 00 00 00 00 f2 4c 00 00 00 00
 11905.95   54.18  20 01 02 00 00 00 00 00 00 01 3d 00 00 00 00
 11913.90    7.95  20 01 02 00 00 00 00 00 00 0b 33 00 00 00 00
 11929.89   16.00  20 01 02 00 00 00 00 00 00 0e 30 00 00 00 00
 11937.92    8.03  20 01 02 00 00 00 00 00 00 0d 31 00 00 00 00
 11945.98    8.06  20 01 02 00 00 00 00 00 00 0d 31 00 00 00 00
 11961.79   15.81  20 01 02 00 00 00 00 00 00 0e 30 00 00 00 00
 11967.84    6.05  20 01 02 00 00 00 00 00 00 0e 30 00 00 00 00
 11975.87    8.03  20 01 02 00 00 00 00 00 00 11 2d 00 00 00 00
 11991.92   16.05  20 01 02 00 00 00 00 00 00 0f 2f 00 00 00 00
 11999.88    7.96  20 01 02 00 00 00 00 00 00 0f 2f 00 00 00 00
 12007.87    7.99  20 01 02 00 00 00 00 00 00 10 2e 00 00 00 00
 12023.98   16.11  20 01 02 00 00 00 00 00 00 0f 2f 00 00 00 00
 12031.88    7.89  20 01 02 00 00 00 00 00 00 12 2c 00 00 00 00
 12039.84    7.96  20 01 02 00 00 00 00 00 00 10 2e 00 00 00 00
 12055.91   16.07  20 01 02 00 00 00 00 00 00 15 29 00 00 00 00
 12064.04    8.13  20 01 02 00 00 00 00 00 00 11 2d 00 00 00 00
 12070.07    6.03  20 01 02 00 00 00 00 00 00 12 2c 00 00 00 00
 12085.93   15.86  20 01 02 00 00 00 00 00 00 14 2a 00 00 00 00
 12093.96    8.03  20 01 02 00 00 00 00 00 00 11 2d 00 00 00 00
 12101.86    7.90  20 01 02 00 00 00 00 00 00 14 2a 00 00 00 00
 12133.90   32.04  20 01 02 00 00 00 00 00 00 17 27 00 00 00 00
 12141.84    7.94  20 01 02 00 00 00 00 00 00 17 27 00 00 00 00
 12149.82    7.98  20 01 02 00 00 00 00 00 00 16 28 00 00 00 00
 12158.00    8.19  20 01 02 00 00 00 00 00 00 16 28 00 00 00 00
 12163.84    5.84  20 01 02 00 00 00 00 00 00 15 29 00 00 00 00
 12171.97    8.13  20 01 02 00 00 00 00 00 00 15 29 00 00 00 00
 12179.76    7.79  20 01 02 00 00 00 00 00 00 15 29 00 00 00 00
 12187.80    8.04  20 01 02 00 00 00 00 00 00 14 2a 00 00 00 00
 12195.83    8.03  20 01 02 00 00 00 00 00 00 14 2a 00 00 00 00
 12203.99    8.16  20 01 02 00 00 00 00 00 00 13 2b 00 00 00 00
 12212.34    8.34  20 01 02 00 00 00 00 00 00 13 2b 00 00 00 00
 12220.37    8.04  20 01 02 00 00 00 00 00 00 13 2b 00 00 00 00
 12227.78    7.40  20 01 02 00 00 00 00 00 00 12 2c 00 00 00 00
 12235.86    8.09  20 01 02 00 00 00 00 00 00 12 2c 00 00 00 00
 12244.29    8.43  20 01 02 00 00 00 00 00 00 11 2d 00 00 00 00
 12251.79    7.50  20 01 02 00 00 00 00 00 00 11 2d 00 00 00 00
 12260.29    8.50  20 01 02 00 00 00 00 00 00 11 2d 00 00 00 00
 12265.96    5.67  20 01 02 00 00 00 00 00 00 11 2d 00 00 00 00
 12273.86    7.91  20 01 02 00 00 00 00 00 00 10 2e 00 00 00 00
 12281.83    7.96  20 01 02 00 00 00 00 00 00 10 2e 00 00 00 00
 12289.85    8.02  20 01 02 00 00 00 00 00 00 0f 2f 00 00 00 00
 12297.81    7.96  20 01 02 00 00 00 00 00 00 0f 2f 00 00 00 00
 12306.08    8.27  20 01 02 00 00 00 00 00 00 0f 2f 00 00 00 00
 12313.78    7.71  20 01 02 00 00 00 00 00 00 0f 2f 00 00 00 00
 12375.95   62.17  20 01 02 00 00 00 00 00 00 ff 3f 00 00 00 00
 12391.92   15.97  20 01 02 00 00 00 00 00 00 f2 4c 00 00 00 00
 12399.96    8.04  20 01 02 00 00 00 00 00 00 ef 4f 00 00 00 00
 12407.98    8.02  20 01 02 00 00 00 00 00 00 f0 4e 00 00 00 00
 12424.20   16.22  20 01 02 00 00 00 00 00 00 ea 54 00 00 00 00
 12431.92    7.72  20 01 02 00 00 00 00 00 00 ea 54 00 00 00 00
 12440.04    8.13  20 01 02 00 00 00 00 00 00 eb 53 00 00 00 00
 12455.92   15.88  20 01 02 00 00 00 00 00 00 e8 56 00 00 00 00
 12463.95    8.03  20 01 02 00 00 00 00 00 00 e6 58 00 00 00 00
 12469.85    5.90  20 01 02 00 00 00 00 00 00 e7 57 00 00 00 00
 12486.01   16.16  20 01 02 00 00 00 00 00 00 e9 55 00 00 00 00
 12494.35    8.33  20 01 02 00 00 00 00 00 00 e9 55 00 00 00 00
 12501.88    7.53  20 01 02 00 00 00 00 00 00 ed 51 00 00 00 00
 12517.89   16.02  20 01 02 00 00 00 00 00 00 f4 4a 00 00 00 00
 12541.94   24.05  20 01 02 00 00 00 00 00 00 e8 56 00 00 00 00
 12550.41    8.47  20 01 02 00 00 00 00 00 00 e8 56 00 00 00 00
 12557.80    7.39  20 01 02 00 00 00 00 00 00 e9 55 00 00 00 00
 12565.97    8.17  20 01 02 00 00 00 00 00 00 ea 54 00 00 00 00
 12572.14    6.18  20 01 02 00 00 00 00 00 00 ea 54 00 00 00 00
 12580.27    8.13  20 01 02 00 00 00 00 00 00 ea 54 00 00 00 00
 12587.86    7.58  20 01 02 00 00 00 00 00 00 eb 53 00 00 00 00
 12595.83    7.97  20 01 02 00 00 00 00 00 00 eb 53 00 00 00 00
 12604.27    8.44  20 01 02 00 00 00 00 00 00 ec 52 00 00 00 00
 12611.94    7.67  20 01 02 00 00 00 00 00 00 ec 52 00 00 00 00
 12619.94    8.00  20 01 02 00 00 00 00 00 00 ed 51 00 00 00 00
 12627.92    7.98  20 01 02 00 00 00 00 00 00 ec 52 00 00 00 00
 12636.30    8.38  20 01 02 00 00 00 00 00 00 ee 50 00 00 00 00
 12643.89    7.59  20 01 02 00 00 00 00 00 00 ed 51 00 00 00 00
 12651.85    7.96  20 01 02 00 00 00 00 00 00 ee 50 00 00 00 00
 12659.84    7.99  20 01 02 00 00 00 00 00 00 ef 4f 00 00 00 00
 12668.00    8.16  20 01 02 00 00 00 00 00 00 ee 50 00 00 00 00
 12675.83    7.83  20 01 02 00 00 00 00 00 00 ef 4f 00 00 00 00
 12681.81    5.97  20 01 02 00 00 00 00 00 00 f0 4e 00 00 00 00
 12689.90    8.09  20 01 02 00 00 00 00 00 00 f0 4e 00 00 00 00
 12697.99    8.09  20 01 02 00 00 00 00 00 00 f0 4e 00 00 00 00
 12705.88    7.89  20 01 02 00 00 00 00 00 00 f0 4e 00 00 00 00
 12713.85    7.97  20 01 02 00 00 00 00 00 00 f1 4d 00 00 00 00
 12721.84    7.99  20 01 02 00 00 00 00 00 00 f1 4d 00 00 00 00
 12729.85    8.01  20 01 02 00 00 00 00 00 00 f1 4d 00 00 00 00
 12737.82    7.97  20 01 02 00 00 00 00 00 00 f1 4d 00 00 00 00
 12745.95    8.13  20 01 02 00 00 00 00 00 00 f2 4c 00 00 00 00
 12753.85    7.90  20 01 02 00 00 00 00 00 00 f2 4c 00 00 00 00
 12761.79    7.94  20 01 02 00 00 00 00 00 00 f3 4b 00 00 00 00
 12769.84    8.05  20 01 02 00 00 00 00 00 00 f3 4b 00 00 00 00
 12777.83    7.98  20 01 02 00 00 00 00 00 00 f3 4b 00 00 00 00
 12783.92    6.09  20 01 02 00 00 00 00 00 00 f3 4b 00 00 00 00
 12791.83    7.91  20 01 02 00 00 00 00 00 00 f3 4b 00 00 00 00
 12799.85    8.02  20 01 02 00 00 00 00 00 00 f4 4a 00 00 00 00
 12807.82    7.97  20 01 02 00 00 00 00 00 00 f6 48 00 00 00 00
 12815.81    7.99  20 01 02 00 00 00 00 00 00 f5 49 00 00 00 00
 12823.84    8.03  20 01 02 00 00 00 00 00 00 f6 48 00 00 00 00
 12831.78    7.94  20 01 02 00 00 00 00 00 00 f6 48 00 00 00 00
 12839.85    8.07  20 01 02 00 00 00 00 00 00 f8 46 00 00 00 00
 12847.99    8.14  20 01 02 00 00 00 00 00 00 f8 46 00 00 00 00
 12855.87    7.87  20 01 02 00 00 00 00 00 00 f8 46 00 00 00 00
 12864.10    8.23  20 01 02 00 00 00 00 00 00 f8 46 00 00 00 00
 12871.77    7.68  20 01 02 00 00 00 00 00 00 f8 46 00 00 00 00
 12879.92    8.15  20 01 02 00 00 00 00 00 00 fa 44 00 00 00 00
 12885.87    5.95  20 01 02 00 00 00 00 00 00 fa 44 00 00 00 00
 12894.07    8.20  20 01 02 00 00 00 00 00 00 fa 44 00 00 00 00
 12901.88    7.80  20 01 02 00 00 00 00 00 00 fa 44 00 00 00 00
 12909.78    7.90  20 01 02 00 00 00 00 00 00 fa 44 00 00 00 00
 12918.41    8.63  20 01 02 00 00 00 00 00 00 fc 42 00 00 00 00
 12925.95    7.54  20 01 02 00 00 00 00 00 00 fb 43 00 00 00 00
 12933.86    7.91  20 01 02 00 00 00 00 00 00 fc 42 00 00 00 00
 12941.94    8.08  20 01 02 00 00 00 00 00 00 fb 43 00 00 00 00
 12949.81    7.87  20 01 02 00 00 00 00 00 00 fc 42 00 00 00 00
 12957.97    8.16  20 01 02 00 00 00 00 00 00 fc 42 00 00 00 00
 12965.88    7.91  20 01 02 00 00 00 00 00 00 fd 41 00 00 00 00
 12973.90    8.02  20 01 02 00 00 00 00 00 00 fd 41 00 00 00 00
 12979.81    5.90  20 01 02 00 00 00 00 00 00 fd 41 00 00 00 00
 12987.89    8.09  20 01 02 00 00 00 00 00 00 fd 41 00 00 00 00
 12995.99    8.09  20 01 02 00 00 00 00 00 00 fe 40 00 00 00 00
 13004.05    8.06  20 01 02 00 00 00 00 00 00 fd 41 00 00 00 00
 13012.34    8.29  20 01 02 00 00 00 00 00 00 fd 41 00 00 00 00
 13020.04    7.70  20 01 02 00 00 00 00 00 00 fd 41 00 00 00 00
 13027.93    7.89  20 01 02 00 00 00 00 00 00 fe 40 00 00 00 00
 13035.95    8.02  20 01 02 00 00 00 00 00 00 fd 41 00 00 00 00
 13044.04    8.10  20 01 02 00 00 00 00 00 00 fe 40 00 00 00 00
 13051.90    7.86  20 01 02 00 00 00 00 00 00 fe 40 00 00 00 00
 13060.04    8.14  20 01 02 00 00 00 00 00 00 fd 41 00 00 00 00
 13067.92    7.87  20 01 02 00 00 00 00 00 00 fe 40 00 00 00 00
 13075.83    7.92  20 01 02 00 00 00 00 00 00 fe 40 00 00 00 00
 13081.83    5.99  20 01 02 00 00 00 00 00 00 ff 3f 00 00 00 00
 13089.86    8.03  20 01 02 00 00 00 00 00 00 fe 40 00 00 00 00
 13097.83    7.97  20 01 02 00 00 00 00 00 00 ff 3f 00 00 00 00
 13105.86    8.02  20 01 02 00 00 00 00 00 00 ff 3f 00 00 00 00
 13113.83    7.98  20 01 02 00 00 00 00 00 00 fe 40 00 00 00 00
 13121.88    8.05  20 01 02 00 00 00 00 00 00 ff 3f 00 00 00 00
 13129.92    8.04  20 01 02 00 00 00 00 00 00 fe 40 00 00 00 00
 13137.99    8.07  20 01 02 00 00 00 00 00 00 ff 3f 00 00 00 00
 13145.97    7.98  20 01 02 00 00 00 00 00 00 ff 3f 00 00 00 00
 13154.32    8.35  20 01 02 00 00 00 00 00 00 ff 3f 00 00 00 00
 13162.02    7.70  20 01 02 00 00 00 00 00 00 fe 40 00 00 00 00
 13169.96    7.94  20 01 02 00 00 00 00 00 00 ff 3f 00 00 00 00
 13177.86    7.90  20 01 02 00 00 00 00 00 00 ff 3f 00 00 00 00
 13183.90    6.04  20 01 02 00 00 00 00 00 00 ff 3f 00 00 00 00
 13191.91    8.00  20 01 02 00 00 00 00 00 00 ff 3f 00 00 00 00
 13199.86    7.96  20 01 02 00 00 00 00 00 00 ff 3f 00 00 00 00
 13207.94    8.08  20 01 02 00 00 00 00 00 00 ff 3f 00 00 00 00
 13215.88    7.94  20 01 02 00 00 00 00 00 00 ff 3f 00 00 00 00
 13223.90    8.02  20 01 02 00 00 00 00 00 00 fe 40 00 00 00 00
 13232.05    8.15  20 01 02 00 00 00 00 00 00 ff 3f 00 00 00 00
 13239.91    7.86  20 01 02 00 00 00 00 00 00 ff 3f 00 00 00 00
 13247.95    8.04  20 01 02 00 00 00 00 00 00 ff 3f 00 00 00 00
 13263.82   15.87  20 01 02 00 00 00 00 00 00 ff 3f 00 00 00 00
 13271.84    8.02  20 01 02 00 00 00 00 00 00 ff 3f 00 00 00 00
 13279.76    7.92  20 01 02 00 00 00 00 00 00 ff 3f 00 00 00 00
 13285.79    6.04  20 01 02 00 00 00 00 00 00 ff 3f 00 00 00 00
 13293.90    8.11  20 01 02 00 00 00 00 00 00 ff 3f 00 00 00 00
 13301.77    7.86  20 01 02 00 00 00 00 00 00 ff 3f 00 00 00 00
 13309.83    8.06  20 01 02 00 00 00 00 00 00 ff 3f 00 00 00 00
 13317.91    8.08  20 01 02 00 00 00 00 00 00 ff 3f 00 00 00 00
 13333.86   15.95  20 01 02 00 00 00 00 00 00 ff 3f 00 00 00 00
 13341.91    8.04  20 01 02 00 00 00 00 00 00 ff 3f 00 00 00 00
 13349.82    7.92  20 01 02 00 00 00 00 00 00 ff 3f 00 00 00 00
 13365.92   16.10  20 01 02 00 00 00 00 00 00 ff 3f 00 00 00 00
 13373.97    8.05  20 01 02 00 00 00 00 00 00 fe 40 00 00 00 00
 13395.96   21.99  20 01 02 00 00 00 00 00 00 ff 3f 00 00 00 00
 13403.95    7.99  20 01 02 00 00 00 00 00 00 ff 3f 00 00 00 00
 13419.84   15.89  20 01 02 00 00 00 00 00 00 ff 3f 00 00 00 00
 13435.93   16.09  20 01 02 00 00 00 00 00 00 ff 3f 00 00 00 00
 13443.96    8.03  20 01 02 00 00 00 00 00 00 ff 3f 00 00 00 00
 13459.81   15.85  20 01 02 00 00 00 00 00 00 ff 3f 00 00 00 00
 13476.29   16.48  20 01 02 00 00 00 00 00 00 ff 3f 00 00 00 00
 14251.89  775.60  20 01 02 08 00 00 00 00 00 00 36 00 00 00 00
 14291.94   40.05  20 01 02 00 00 00 00 00 00 00 3e 00 00 00 00
 14526.43  234.49  20 01 02 00 00 00 00 00 00 01 3d 00 00 00 00
 14533.79    7.36  20 01 02 00 00 00 00 00 00 0f 2f 00 00 00 00
 14549.88   16.09  20 01 02 00 00 00 00 00 00 0c 32 00 00 00 00
 14558.28    8.41  20 01 02 00 00 00 00 00 00 18 26 00 00 00 00
 14565.94    7.65  20 01 02 00 00 00 00 00 00 0b 33 00 00 00 00
 14581.90   15.96  20 01 02 00 00 00 00 00 00 11 2d 00 00 00 00
 14605.88   23.99  20 01 02 00 00 00 00 00 00 13 2b 00 00 00 00
 14614.00    8.12  20 01 02 00 00 00 00 00 00 14 2a 00 00 00 00
 14621.98    7.98  20 01 02 00 00 00 00 00 00 13 2b 00 00 00 00
 14627.82    5.84  20 01 02 00 00 00 00 00 00 12 2c 00 00 00 00
 14635.84    8.02  20 01 02 00 00 00 00 00 00 12 2c 00 00 00 00
 14644.17    8.33  20 01 02 00 00 00 00 00 00 12 2c 00 00 00 00
 14652.10    7.93  20 01 02 00 00 00 00 00 00 12 2c 00 00 00 00
 14659.93    7.84  20 01 02 00 00 00 00 00 00 11 2d 00 00 00 00
 14667.87    7.94  20 01 02 00 00 00 00 00 00 11 2d 00 00 00 00
 14675.94    8.07  20 01 02 00 00 00 00 00 00 10 2e 00 00 00 00
 14683.93    8.00  20 01 02 00 00 00 00 00 00 10 2e 00 00 00 00
 14692.34    8.41  20 01 02 00 00 00 00 00 00 10 2e 00 00 00 00
 14700.12    7.79  20 01 02 00 00 00 00 00 00 10 2e 00 00 00 00
 14708.01    7.89  20 01 02 00 00 00 00 00 00 0f 2f 00 00 00 00
 14716.31    8.30  20 01 02 00 00 00 00 00 00 0f 2f 00 00 00 00
 14724.34    8.03  20 01 02 00 00 00 00 00 00 0e 30 00 00 00 00
 14730.04    5.70  20 01 02 00 00 00 00 00 00 0e 30 00 00 00 00
 14737.89    7.85  20 01 02 00 00 00 00 00 00 0e 30 00 00 00 00
 14746.38    8.48  20 01 02 00 00 00 00 00 00 0e 30 00 00 00 00
 14754.00    7.62  20 01 02 00 00 00 00 00 00 0e 30 00 00 00 00
 14761.92    7.92  20 01 02 00 00 00 00 00 00 0d 31 00 00 00 00
 14769.89    7.97  20 01 02 00 00 00 00 00 00 0d 31 00 00 00 00
 14777.96    8.07  20 01 02 00 00 00 00 00 00 0d 31 00 00 00 00
 14785.90    7.95  20 01 02 00 00 00 00 00 00 0c 32 00 00 00 00
 14793.91    8.01  20 01 02 00 00 00 00 00 00 0c 32 00 00 00 00
 14801.96    8.04  20 01 02 00 00 00 00 00 00 0b 33 00 00 00 00
 14809.90    7.95  20 01 02 00 00 00 00 00 00 0a 34 00 00 00 00
 14817.89    7.98  20 01 02 00 00 00 00 00 00 0a 34 00 00 00 00
 14825.87    7.99  20 01 02 00 00 00 00 00 00 0a 34 00 00 00 00
 14831.88    6.01  20 01 02 00 00 00 00 00 00 08 36 00 00 00 00
 14839.89    8.01  20 01 02 00 00 00 00 00 00 08 36 00 00 00 00
 14927.93   88.04  20 01 02 08 00 00 00 00 00 00 36 00 00 00 00
 14965.90   37.97  20 01 02 00 00 00 00 00 00 00 3e 00 00 00 00
 16095.89 1129.98  20 01 02 00 00 00 00 00 01 00 3d 00 00 00 00
 16111.91   16.02  20 01 02 00 00 00 00 00 0d 00 31 00 00 00 00
 16119.90    7.99  20 01 02 00 00 00 00 00 10 00 2e 00 00 00 00
 16127.94    8.04  20 01 02 00 00 00 00 00 0e 00 30 00 00 00 00
 16143.95   16.02  20 01 02 00 00 00 00 00 0f 00 2f 00 00 00 00
 16151.85    7.90  20 01 02 00 00 00 00 00 0e 00 30 00 00 00 00
 16159.86    8.01  20 01 02 00 00 00 00 00 0c 00 32 00 00 00 00
 16175.83   15.96  20 01 02 00 00 00 00 00 09 00 35 00 00 00 00
 16197.94   22.11  20 01 02 00 00 00 00 00 0f 00 2f 00 00 00 00
 16205.83    7.89  20 01 02 00 00 00 00 00 0f 00 2f 00 00 00 00
 16213.90    8.07  20 01 02 00 00 00 00 00 0f 00 2f 00 00 00 00
 16221.87    7.97  20 01 02 00 00 00 00 00 0f 00 2f 00 00 00 00
 16229.84    7.97  20 01 02 00 00 00 00 00 0e 00 30 00 00 00 00
 16237.87    8.03  20 01 02 00 00 00 00 00 0e 00 30 00 00 00 00
 16245.87    8.00  20 01 02 00 00 00 00 00 0e 00 30 00 00 00 00
 16331.91   86.04  20 01 02 00 00 00 00 00 ff 00 3f 00 00 00 00
 16339.79    7.88  20 01 02 00 00 00 00 00 f2 00 4c 00 00 00 00
 16347.94    8.15  20 01 02 00 00 00 00 00 ec 00 52 00 00 00 00
 16363.87   15.93  20 01 02 00 00 00 00 00 f2 00 4c 00 00 00 00
 16371.78    7.91  20 01 02 00 00 00 00 00 ea 00 54 00 00 00 00
 16379.85    8.07  20 01 02 00 00 00 00 00 f0 00 4e 00 00 00 00
 16393.80   13.96  20 01 02 00 00 00 00 00 ee 00 50 00 00 00 00
 16417.90   24.10  20 01 02 00 00 00 00 00 ea 00 54 00 00 00 00
 16425.93    8.03  20 01 02 00 00 00 00 00 eb 00 53 00 00 00 00
 16433.89    7.95  20 01 02 00 00 00 00 00 eb 00 53 00 00 00 00
 16441.78    7.90  20 01 02 00 00 00 00 00 eb 00 53 00 00 00 00
 16449.77    7.98  20 01 02 00 00 00 00 00 ec 00 52 00 00 00 00
 16457.95    8.18  20 01 02 00 00 00 00 00 ec 00 52 00 00 00 00
 16465.89    7.93  20 01 02 00 00 00 00 00 ed 00 51 00 00 00 00
 16473.98    8.10  20 01 02 00 00 00 00 00 ed 00 51 00 00 00 00
 16482.19    8.20  20 01 02 00 00 00 00 00 ee 00 50 00 00 00 00
 16487.86    5.67  20 01 02 00 00 00 00 00 ed 00 51 00 00 00 00
 16496.05    8.19  20 01 02 00 00 00 00 00 ef 00 4f 00 00 00 00
 16503.96    7.92  20 01 02 00 00 00 00 00 ee 00 50 00 00 00 00
 16511.84    7.87  20 01 02 00 00 00 00 00 ef 00 4f 00 00 00 00
 16519.87    8.03  20 01 02 00 00 00 00 00 ef 00 4f 00 00 00 00
 16527.87    8.00  20 01 02 00 00 00 00 00 f0 00 4e 00 00 00 00
 16535.87    8.00  20 01 02 00 00 00 00 00 f0 00 4e 00 00 00 00
 16543.88    8.01  20 01 02 00 00 00 00 00 f0 00 4e 00 00 00 00
 16551.92    8.04  20 01 02 00 00 00 00 00 f1 00 4d 00 00 00 00
 16560.15    8.23  20 01 02 00 00 00 00 00 f0 00 4e 00 00 00 00
 16567.83    7.68  20 01 02 00 00 00 00 00 f2 00 4c 00 00 00 00
 16575.75    7.92  20 01 02 00 00 00 00 00 f1 00 4d 00 00 00 00
 16583.85    8.10  20 01 02 00 00 00 00 00 f2 00 4c 00 00 00 00
 16589.89    6.04  20 01 02 00 00 00 00 00 f2 00 4c 00 00 00 00
 16597.88    7.99  20 01 02 00 00 00 00 00 f2 00 4c 00 00 00 00
 16605.86    7.99  20 01 02 00 00 00 00 00 f3 00 4b 00 00 00 00
 16613.95    8.08  20 01 02 00 00 00 00 00 f2 00 4c 00 00 00 00
 16621.88    7.93  20 01 02 00 00 00 00 00 f3 00 4b 00 00 00 00
 16629.89    8.01  20 01 02 00 00 00 00 00 f4 00 4a 00 00 00 00
 16637.87    7.98  20 01 02 00 00 00 00 00 f3 00 4b 00 00 00 00
 16645.90    8.02  20 01 02 00 00 00 00 00 f4 00 4a 00 00 00 00
 16654.33    8.43  20 01 02 00 00 00 00 00 f4 00 4a 00 00 00 00
 16661.99    7.67  20 01 02 00 00 00 00 00 f4 00 4a 00 00 00 00
 16669.84    7.85  20 01 02 00 00 00 00 00 f5 00 49 00 00 00 00
 16677.82    7.98  20 01 02 00 00 00 00 00 f5 00 49 00 00 00 00
 16685.86    8.04  20 01 02 00 00 00 00 00 f5 00 49 00 00 00 00
 16693.83    7.97  20 01 02 00 00 00 00 00 f5 00 49 00 00 00 00
 16699.88    6.05  20 01 02 00 00 00 00 00 f5 00 49 00 00 00 00
 16707.99    8.11  20 01 02 00 00 00 00 00 f6 00 48 00 00 00 00
 16715.93    7.93  20 01 02 00 00 00 00 00 f6 00 48 00 00 00 00
 16723.88    7.96  20 01 02 00 00 00 00 00 f6 00 48 00 00 00 00
 16731.90    8.02  20 01 02 00 00 00 00 00 f6 00 48 00 00 00 00
 16739.84    7.94  20 01 02 00 00 00 00 00 f7 00 47 00 00 00 00
 16809.93   70.09  20 01 02 01 00 00 00 00 00 00 3d 00 00 00 00
 17053.94  244.01  20 01 02 00 00 00 00 00 00 00 3e 00 00 00 00
 17516.02  462.09  20 01 02 01 00 00 00 00 00 00 3d 00 00 00 00
 17721.96  205.93  20 01 02 00 00 00 00 00 00 00 3e 00 00 00 00
 18073.89  351.94  20 01 02 01 00 00 00 00 00 00 3d 00 00 00 00
 18256.04  182.15  20 01 02 00 00 00 00 00 00 00 3e 00 00 00 00
 19549.92 1293.88  20 01 02 00 00 08 b0 02 00 00 84 00 00 00 00
 19565.96   16.04  20 01 02 00 00 0b e0 01 00 00 52 00 00 00 00
 19572.00    6.04  20 01 02 00 00 09 50 01 00 00 e4 00 00 00 00
 19579.87    7.88  20 01 02 00 00 0d 10 01 00 00 20 00 00 00 00
 19595.79   15.91  20 01 02 00 00 0c d0 00 00 00 62 00 00 00 00
 19603.90    8.12  20 01 02 00 00 10 c0 00 00 00 6e 00 00 00 00
 19611.82    7.92  20 01 02 00 00 16 c0 00 00 00 68 00 00 00 00
 19627.88   16.06  20 01 02 00 00 16 70 00 00 00 b8 00 00 00 00
 19636.06    8.19  20 01 02 00 00 1b 00 00 00 00 23 00 00 00 00
 19643.90    7.83  20 01 02 00 00 1d a0 ff 00 00 82 00 00 00 00
 19659.86   15.96  20 01 02 00 00 20 50 ff 00 00 cf 00 00 00 00
 19668.06    8.20  20 01 02 00 00 1e 30 ff 00 00 f1 00 00 00 00
 19673.80    5.73  20 01 02 00 00 20 a0 fe 00 00 80 00 00 00 00
 19689.83   16.03  20 01 02 00 00 1e 90 fe 00 00 92 00 00 00 00
 19697.89    8.07  20 01 02 00 00 1c 70 fe 00 00 b4 00 00 00 00
 19705.84    7.95  20 01 02 00 00 1e e0 fd 00 00 43 00 00 00 00
 19722.01   16.17  20 01 02 00 00 1b 20 fe 00 00 05 00 00 00 00
 19729.87    7.86  20 01 02 00 00 21 40 fd 00 00 e0 00 00 00 00
 19737.88    8.01  20 01 02 00 00 1c 80 fd 00 00 a5 00 00 00 00
 19754.01   16.12  20 01 02 00 00 1b f0 fc 00 00 37 00 00 00 00
 19762.37    8.36  20 01 02 00 00 16 80 fd 00 00 ab 00 00 00 00
 19770.05    7.68  20 01 02 00 00 16 80 fd 00 00 ab 00 00 00 00
 19783.90   13.85  20 01 02 00 00 13 70 fd 00 00 be 00 00 00 00
 19791.86    7.97  20 01 02 00 00 0f d0 fd 00 00 62 00 00 00 00
 19800.04    8.18  20 01 02 00 00 0d 80 fe 00 00 b3 00 00 00 00
 19815.89   15.85  20 01 02 00 00 10 60 fe 00 00 d0 00 00 00 00
 19823.88    7.99  20 01 02 00 00 10 a0 fe 00 00 90 00 00 00 00
 19831.82    7.94  20 01 02 00 00 0c 40 ff 00 00 f3 00 00 00 00
 19848.09   16.27  20 01 02 00 00 0b 70 ff 00 00 c4 00 00 00 00
 19855.82    7.74  20 01 02 00 00 0e a0 ff 00 00 91 00 00 00 00
 19863.97    8.14  20 01 02 00 00 10 e0 ff 00 00 4f 00 00 00 00
 19877.86   13.90  20 01 02 00 00 0d 20 00 00 00 11 00 00 00 00
 19885.75    7.89  20 01 02 00 00 0c 70 00 00 00 c2 00 00 00 00
 19893.90    8.15  20 01 02 00 00 0a 90 00 00 00 a4 00 00 00 00
 19909.80   15.90  20 01 02 00 00 0b f0 00 00 00 43 00 00 00 00
 19917.95    8.15  20 01 02 00 00 0e d0 01 00 00 5f 00 00 00 00
 19925.84    7.89  20 01 02 00 00 08 90 01 00 00 a5 00 00 00 00
 19941.88   16.04  20 01 02 00 00 03 c0 01 00 00 7a 00 00 00 00
 19949.84    7.96  20 01 02 00 00 00 a0 02 00 00 9c 00 00 00 00
 19957.76    7.92  20 01 02 00 00 fd 0f 02 00 00 30 00 00 00 00
 19973.85   16.08  20 01 02 00 00 fa af 02 00 00 93 00 00 00 00
 19979.89    6.04  20 01 02 00 00 fa df 01 00 00 64 00 00 00 00
 19987.82    7.94  20 01 02 00 00 f6 ff 01 00 00 48 00 00 00 00
 20003.79   15.97  20 01 02 00 00 f6 bf 01 00 00 88 00 00 00 00
 20011.89    8.09  20 01 02 00 00 f1 af 01 00 00 9d 00 00 00 00
 20019.92    8.03  20 01 02 00 00 ee 9f 01 00 00 b0 00 00 00 00
 20035.95   16.03  20 01 02 00 00 ee 3f 01 00 00 10 00 00 00 00
 20043.78    7.84  20 01 02 00 00 df af 01 00 00 af 00 00 00 00
 20051.80    8.02  20 01 02 00 00 d8 af 01 00 00 b6 00 00 00 00
 20067.83   16.03  20 01 02 00 00 d1 af 01 00 00 bd 00 00 00 00
 20075.79    7.96  20 01 02 00 00 cd 4f 01 00 00 21 00 00 00 00
 20083.94    8.15  20 01 02 00 00 d0 ef 00 00 00 7f 00 00 00 00
 20098.12   14.17  20 01 02 00 00 c7 cf 00 00 00 a8 00 00 00 00
 20105.88    7.77  20 01 02 00 00 c9 7f 00 00 00 f6 00 00 00 00
 20113.88    7.99  20 01 02 00 00 ce 6f 00 00 00 01 00 00 00 00
 20129.92   16.05  20 01 02 00 00 ca 1f 00 00 00 55 00 00 00 00
 20137.91    7.99  20 01 02 00 00 cd ef ff 00 00 83 00 00 00 00
 20145.88    7.97  20 01 02 00 00 d1 cf ff 00 00 9f 00 00 00 00
 20162.03   16.15  20 01 02 00 00 d1 7f ff 00 00 ef 00 00 00 00
 20169.89    7.86  20 01 02 00 00 da 4f ff 00 00 16 00 00 00 00
 20177.91    8.02  20 01 02 00 00 dd ef fe 00 00 74 00 00 00 00
 20193.81   15.90  20 01 02 00 00 e6 ef fe 00 00 6b 00 00 00 00
 20199.76    5.95  20 01 02 00 00 e7 af fe 00 00 aa 00 00 00 00
 20215.85   16.09  20 01 02 00 00 e7 2f fe 00 00 2a 00 00 00 00
 20223.86    8.01  20 01 02 00 00 ef 5f fe 00 00 f2 00 00 00 00
 20231.76    7.90  20 01 02 00 00 f0 0f fd 00 00 42 00 00 00 00
 20247.81   16.05  20 01 02 00 00 fc bf fd 00 00 86 00 00 00 00
 20255.88    8.07  20 01 02 00 00 01 d0 fc 00 00 71 00 00 00 00
 20263.83    7.95  20 01 02 00 00 0a 50 fd 00 00 e7 00 00 00 00
 20279.74   15.92  20 01 02 00 00 0f 30 fd 00 00 02 00 00 00 00
 20287.92    8.17  20 01 02 00 00 13 f0 fc 00 00 3f 00 00 00 00
 20293.75    5.83  20 01 02 00 00 11 e0 fd 00 00 50 00 00 00 00
 20309.78   16.03  20 01 02 00 00 1b 90 fd 00 00 96 00 00 00 00
 20317.90    8.12  20 01 02 00 00 1b e0 fd 00 00 46 00 00 00 00
 20325.77    7.87  20 01 02 00 00 20 10 fe 00 00 10 00 00 00 00
 20341.88   16.10  20 01 02 00 00 2a d0 fd 00 00 47 00 00 00 00
 20349.89    8.01  20 01 02 00 00 32 20 fe 00 00 ee 00 00 00 00
 20357.91    8.02  20 01 02 00 00 2a a0 fe 00 00 76 00 00 00 00
 20373.85   15.94  20 01 02 00 00 31 b0 fe 00 00 5f 00 00 00 00
 20381.89    8.04  20 01 02 00 00 2b 00 ff 00 00 14 00 00 00 00
 20389.94    8.05  20 01 02 00 00 2c 20 ff 00 00 f3 00 00 00 00
 20404.01   14.06  20 01 02 00 00 2a 70 ff 00 00 a5 00 00 00 00
 20411.85    7.84  20 01 02 00 00 27 a0 ff 00 00 78 00 00 00 00
 20420.28    8.44  20 01 02 00 00 25 d0 ff 00 00 4a 00 00 00 00
 20435.83   15.54  20 01 02 00 00 1e 00 00 00 00 20 00 00 00 00
 20443.87    8.04  20 01 02 00 00 17 10 00 00 00 17 00 00 00 00
 20451.80    7.92  20 01 02 00 00 18 40 00 00 00 e6 00 00 00 00
 20467.86   16.06  20 01 02 00 00 12 70 00 00 00 bc 00 00 00 00
 20475.80    7.94  20 01 02 00 00 0f 90 00 00 00 9f 00 00 00 00
 20483.80    8.01  20 01 02 00 00 0b b0 00 00 00 83 00 00 00 00
 20499.83   16.03  20 01 02 00 00 09 e0 00 00 00 55 00 00 00 00
 20505.88    6.04  20 01 02 00 00 05 40 01 00 00 f8 00 00 00 00
 20514.11    8.23  20 01 02 00 00 ff 2f 02 00 00 0e 00 00 00 00
 20529.87   15.77  20 01 02 00 00 f4 bf 01 00 00 8a 00 00 00 00
 20537.98    8.11  20 01 02 00 00 ea 1f 02 00 00 33 00 00 00 00
 20545.93    7.95  20 01 02 00 00 e6 bf 01 00 00 98 00 00 00 00
 20561.91   15.98  20 01 02 00 00 d3 5f 02 00 00 0a 00 00 00 00
 20569.90    8.00  20 01 02 00 00 c7 6f 02 00 00 06 00 00 00 00
 20578.08    8.17  20 01 02 00 00 cf bf 01 00 00 af 00 00 00 00
 20593.87   15.79  20 01 02 00 00 cd 9f 01 00 00 d1 00 00 00 00
 20601.95    8.08  20 01 02 00 00 cc af 01 00 00 c2 00 00 00 00
 20607.84    5.89  20 01 02 00 00 d7 3f 01 00 00 27 00 00 00 00
 20623.93   16.09  20 01 02 00 00 ce 2f 01 00 00 40 00 00 00 00
 20631.91    7.98  20 01 02 00 00 db df 00 00 00 84 00 00 00 00
 20639.86    7.95  20 01 02 00 00 da df 00 00 00 85 00 00 00 00
 20655.97   16.11  20 01 02 00 00 dd cf 00 00 00 92 00 00 00 00
 20663.93    7.97  20 01 02 00 00 db ef 00 00 00 74 00 00 00 00
 20671.84    7.91  20 01 02 00 00 e3 bf 00 00 00 9c 00 00 00 00
 20687.95   16.11  20 01 02 00 00 e2 af 00 00 00 ad 00 00 00 00
 20695.95    8.00  20 01 02 00 00 e8 9f 00 00 00 b7 00 00 00 00
 20703.90    7.95  20 01 02 00 00 f0 6f 00 00 00 df 00 00 00 00
 20717.85   13.95  20 01 02 00 00 f3 6f 00 00 00 dc 00 00 00 00
 20725.87    8.02  20 01 02 00 00 f5 6f 00 00 00 da 00 00 00 00
 20733.89    8.02  20 01 02 00 00 f5 9f 00 00 00 aa 00 00 00 00
 20749.95   16.06  20 01 02 00 00 f2 cf 00 00 00 7d 00 00 00 00
 20757.87    7.92  20 01 02 00 00 f3 ef 00 00 00 5c 00 00 00 00
 20765.91    8.03  20 01 02 00 00 f2 3f 01 00 00 0c 00 00 00 00
 20781.94   16.04  20 01 02 00 00 f3 8f 01 00 00 bb 00 00 00 00
 20789.84    7.90  20 01 02 00 00 f7 4f 01 00 00 f7 00 00 00 00
 20797.87    8.03  20 01 02 00 00 fa 3f 01 00 00 04 00 00 00 00
 20811.84   13.97  20 01 02 00 00 fc cf 01 00 00 72 00 00 00 00
 20819.80    7.96  20 01 02 00 00 01 50 01 00 00 ec 00 00 00 00
 20827.98    8.18  20 01 02 00 00 03 00 01 00 00 3a 00 00 00 00
 20844.07   16.09  20 01 02 00 00 07 20 01 00 00 16 00 00 00 00
 20851.88    7.81  20 01 02 00 00 09 30 01 00 00 04 00 00 00 00
 20859.92    8.04  20 01 02 00 00 0c 00 01 00 00 31 00 00 00 00
 20875.88   15.96  20 01 02 00 00 0c e0 00 00 00 52 00 00 00 00
 20883.94    8.06  20 01 02 00 00 0f c0 00 00 00 6f 00 00 00 00
 20891.90    7.96  20 01 02 00 00 14 e0 00 00 00 4a 00 00 00 00
 20907.89   15.99  20 01 02 00 00 18 80 00 00 00 a6 00 00 00 00
 20913.84    5.95  20 01 02 00 00 15 60 00 00 00 c9 00 00 00 00
 20921.84    8.00  20 01 02 00 00 1a 20 00 00 00 04 00 00 00 00
 20937.97   16.13  20 01 02 00 00 1b e0 ff 00 00 44 00 00 00 00
 20945.95    7.98  20 01 02 00 00 1a b0 ff 00 00 75 00 00 00 00
 20953.98    8.02  20 01 02 00 00 1c 70 ff 00 00 b3 00 00 00 00
 20970.04   16.07  20 01 02 00 00 1b 20 ff 00 00 04 00 00 00 00
 20977.99    7.95  20 01 02 00 00 16 f0 fe 00 00 3a 00 00 00 00
 20985.91    7.92  20 01 02 00 00 16 d0 fe 00 00 5a 00 00 00 00
 21001.91   16.00  20 01 02 00 00 16 a0 fe 00 00 8a 00 00 00 00
 21009.88    7.97  20 01 02 00 00 1a 10 fe 00 00 16 00 00 00 00
 21015.88    6.01  20 01 02 00 00 17 00 fe 00 00 29 00 00 00 00
 21031.90   16.02  20 01 02 00 00 18 70 fd 00 00 b9 00 00 00 00
 21039.91    8.01  20 01 02 00 00 0f 70 fe 00 00 c1 00 00 00 00
 21055.98   16.08  20 01 02 00 00 0e b0 fd 00 00 83 00 00 00 00
 21063.95    7.96  20 01 02 00 00 08 e0 fd 00 00 59 00 00 00 00
 21071.84    7.89  20 01 02 00 00 04 00 fe 00 00 3c 00 00 00 00
 21088.04   16.21  20 01 02 00 00 ff ff fd 00 00 43 00 00 00 00
 21095.93    7.88  20 01 02 00 00 fd 8f fe 00 00 b4 00 00 00 00
 21104.13    8.20  20 01 02 00 00 fa 7f fe 00 00 c7 00 00 00 00
 21119.88   15.75  20 01 02 00 00 f5 6f fe 00 00 dc 00 00 00 00
 21125.90    6.02  20 01 02 00 00 f6 cf fe 00 00 7b 00 00 00 00
 21134.02    8.12  20 01 02 00 00 f4 cf fe 00 00 7d 00 00 00 00
 21149.89   15.87  20 01 02 00 00 f2 0f ff 00 00 3e 00 00 00 00
 21157.93    8.03  20 01 02 00 00 ee ef fe 00 00 63 00 00 00 00
 21165.91    7.98  20 01 02 00 00 ed 1f ff 00 00 33 00 00 00 00
 21181.95   16.04  20 01 02 00 00 ea 1f ff 00 00 36 00 00 00 00
 21189.93    7.98  20 01 02 00 00 e4 2f ff 00 00 2c 00 00 00 00
 21197.84    7.91  20 01 02 00 00 e7 5f ff 00 00 f9 00 00 00 00
 21213.94   16.10  20 01 02 00 00 e3 3f ff 00 00 1d 00 00 00 00
 21221.83    7.89  20 01 02 00 00 e1 2f ff 00 00 2f 00 00 00 00
 21227.92    6.09  20 01 02 00 00 e7 5f ff 00 00 f9 00 00 00 00
 21243.93   16.01  20 01 02 00 00 df 2f ff 00 00 31 00 00 00 00
 21251.89    7.97  20 01 02 00 00 e2 6f ff 00 00 ee 00 00 00 00
 21259.89    8.00  20 01 02 00 00 e4 6f ff 00 00 ec 00 00 00 00
 21276.33   16.44  20 01 02 00 00 de 5f ff 00 00 02 00 00 00 00
 21283.92    7.59  20 01 02 00 00 e5 6f ff 00 00 eb 00 00 00 00
 21292.32    8.41  20 01 02 00 00 e2 3f ff 00 00 1e 00 00 00 00
 21307.90   15.58  20 01 02 00 00 e3 2f ff 00 00 2d 00 00 00 00
 21315.94    8.03  20 01 02 00 00 eb 6f ff 00 00 e5 00 00 00 00
 21323.84    7.90  20 01 02 00 00 eb 3f ff 00 00 15 00 00 00 00
 21337.86   14.03  20 01 02 00 00 eb 0f ff 00 00 45 00 00 00 00
 21346.09    8.23  20 01 02 00 00 ef ff fe 00 00 52 00 00 00 00
 21353.96    7.87  20 01 02 00 00 f2 0f ff 00 00 3e 00 00 00 00
 21369.92   15.96  20 01 02 00 00 f1 7f fe 00 00 d0 00 00 00 00
 21377.88    7.96  20 01 02 00 00 f4 6f fe 00 00 dd 00 00 00 00
 21385.84    7.96  20 01 02 00 00 f8 cf fe 00 00 79 00 00 00 00
 21402.34   16.50  20 01 02 00 00 fb 6f fe 00 00 d6 00 00 00 00
 21410.00    7.66  20 01 02 00 00 ff ff fd 00 00 43 00 00 00 00
 21418.34    8.34  20 01 02 00 00 02 60 fe 00 00 de 00 00 00 00
 21431.98   13.64  20 01 02 00 00 09 a0 fd 00 00 98 00 00 00 00
 21439.92    7.94  20 01 02 00 00 0e 20 fe 00 00 12 00 00 00 00
 21448.01    8.10  20 01 02 00 00 17 d0 fd 00 00 5a 00 00 00 00
 21463.97   15.96  20 01 02 00 00 1a 20 fe 00 00 06 00 00 00 00
 21472.03    8.06  20 01 02 00 00 24 10 fe 00 00 0c 00 00 00 00
 21479.94    7.91  20 01 02 00 00 0a 80 ff 00 00 b5 00 00 00 00
 21495.88   15.94  20 01 02 00 00 1d 60 fe 00 00 c3 00 00 00 00
 22045.83  549.95  20 01 02 00 00 0e 50 01 00 00 df 00 00 00 00
 22053.90    8.07  20 01 02 00 00 06 a0 00 00 00 98 00 00 00 00
 22067.93   14.04  20 01 02 00 00 05 b0 00 00 00 89 00 00 00 00
 22075.90    7.97  20 01 02 00 00 05 c0 00 00 00 79 00 00 00 00
 22084.04    8.14  20 01 02 00 00 07 f0 00 00 00 47 00 00 00 00
 22099.96   15.92  20 01 02 00 00 06 20 01 00 00 17 00 00 00 00
 22107.80    7.84  20 01 02 00 00 06 f0 00 00 00 48 00 00 00 00
 22123.94   16.14  20 01 02 00 00 06 30 01 00 00 07 00 00 00 00
 22131.90    7.96  20 01 02 00 00 07 80 01 00 00 b6 00 00 00 00
 22139.89    7.99  20 01 02 00 00 07 70 01 00 00 c6 00 00 00 00
 22155.89   16.00  20 01 02 00 00 06 10 01 00 00 27 00 00 00 00
 22163.81    7.92  20 01 02 00 00 09 80 01 00 00 b4 00 00 00 00
 22170.06    6.25  20 01 02 00 00 08 90 01 00 00 a5 00 00 00 00
 22185.90   15.85  20 01 02 00 00 06 70 01 00 00 c7 00 00 00 00
 22193.98    8.08  20 01 02 00 00 05 90 01 00 00 a8 00 00 00 00
 22201.97    7.99  20 01 02 00 00 07 80 01 00 00 b6 00 00 00 00
 22217.98   16.01  20 01 02 00 00 05 10 01 00 00 28 00 00 00 00
 22226.33    8.35  20 01 02 00 00 05 20 01 00 00 18 00 00 00 00
 22234.02    7.69  20 01 02 00 00 03 d0 01 00 00 6a 00 00 00 00
 22250.02   16.01  20 01 02 00 00 05 90 01 00 00 a8 00 00 00 00
 22258.34    8.32  20 01 02 00 00 03 60 01 00 00 da 00 00 00 00
 22265.90    7.56  20 01 02 00 00 fe 4f 02 00 00 ef 00 00 00 00
 22279.90   14.00  20 01 02 00 00 00 80 01 00 00 bd 00 00 00 00
 22287.83    7.93  20 01 02 00 00 fc bf 01 00 00 82 00 00 00 00
 22295.87    8.04  20 01 02 00 00 fd bf 01 00 00 81 00 00 00 00
 22311.90   16.03  20 01 02 00 00 fe 6f 01 00 00 d0 00 00 00 00
 22319.84    7.94  20 01 02 00 00 f9 ff 01 00 00 45 00 00 00 00
 22327.87    8.03  20 01 02 00 00 fd bf 01 00 00 81 00 00 00 00
 22343.99   16.12  20 01 02 00 00 fa 9f 01 00 00 a4 00 00 00 00
 22351.84    7.86  20 01 02 00 00 fc ef 01 00 00 52 00 00 00 00
 22359.87    8.02  20 01 02 00 00 fc df 01 00 00 62 00 00 00 00
 22373.89   14.02  20 01 02 00 00 fc cf 01 00 00 72 00 00 00 00
 22381.81    7.92  20 01 02 00 00 fd 2f 02 00 00 10 00 00 00 00
 22389.85    8.04  20 01 02 00 00 fe 8f 01 00 00 b0 00 00 00 00
 22405.86   16.01  20 01 02 00 00 ff bf 01 00 00 7f 00 00 00 00
 22413.92    8.06  20 01 02 00 00 fe ef 01 00 00 50 00 00 00 00
 22421.92    8.00  20 01 02 00 00 fe 8f 01 00 00 b0 00 00 00 00
 22437.88   15.96  20 01 02 00 00 fe ff 01 00 00 40 00 00 00 00
 22445.84    7.96  20 01 02 00 00 fd 9f 01 00 00 a1 00 00 00 00
 22453.91    8.07  20 01 02 00 00 fe 6f 01 00 00 d0 00 00 00 00
 22469.95   16.04  20 01 02 00 00 fc 0f 02 00 00 31 00 00 00 00
 22478.00    8.05  20 01 02 00 00 fd cf 01 00 00 71 00 00 00 00
 22483.92    5.92  20 01 02 00 00 fb ef 01 00 00 53 00 00 00 00
 22499.89   15.98  20 01 02 00 00 fc 2f 02 00 00 11 00 00 00 00
 22507.83    7.94  20 01 02 00 00 fb 9f 01 00 00 a3 00 00 00 00
 22515.91    8.08  20 01 02 00 00 f9 ef 01 00 00 55 00 00 00 00
 22532.34   16.43  20 01 02 00 00 f9 cf 01 00 00 75 00 00 00 00
 22539.86    7.52  20 01 02 00 00 f9 9f 01 00 00 a5 00 00 00 00
 22548.11    8.24  20 01 02 00 00 f9 af 01 00 00 95 00 00 00 00
 22564.00   15.89  20 01 02 00 00 f9 7f 01 00 00 c5 00 00 00 00
 22572.09    8.09  20 01 02 00 00 fa 2f 01 00 00 14 00 00 00 00
 22579.90    7.82  20 01 02 00 00 f9 8f 01 00 00 b5 00 00 00 00
 22593.90   13.99  20 01 02 00 00 fa af 01 00 00 94 00 00 00 00
 22601.82    7.92  20 01 02 00 00 fb 1f 01 00 00 23 00 00 00 00
 22609.86    8.04  20 01 02 00 00 fb ff 00 00 00 44 00 00 00 00
 22625.84   15.98  20 01 02 00 00 f9 1f 01 00 00 25 00 00 00 00
 22633.89    8.06  20 01 02 00 00 fa ef 00 00 00 55 00 00 00 00
 22641.82    7.92  20 01 02 00 00 fa bf 00 00 00 85 00 00 00 00
 22657.99   16.18  20 01 02 00 00 f8 bf 00 00 00 87 00 00 00 00
 22666.34    8.35  20 01 02 00 00 f7 9f 00 00 00 a8 00 00 00 00
 22673.90    7.56  20 01 02 00 00 f4 af 00 00 00 9b 00 00 00 00
 22688.01   14.11  20 01 02 00 00 ed df 00 00 00 72 00 00 00 00
 22695.92    7.91  20 01 02 00 00 e6 ef 00 00 00 69 00 00 00 00
 22703.93    8.01  20 01 02 00 00 eb ff 00 00 00 54 00 00 00 00
 22719.87   15.94  20 01 02 00 00 e6 df 00 00 00 79 00 00 00 00
 22727.89    8.02  20 01 02 00 00 e4 bf 00 00 00 9b 00 00 00 00
 22735.93    8.04  20 01 02 00 00 e7 af 00 00 00 a8 00 00 00 00
 22752.38   16.45  20 01 02 00 00 e0 7f 00 00 00 df 00 00 00 00
 22759.98    7.59  20 01 02 00 00 de 4f 00 00 00 11 00 00 00 00
 22767.90    7.93  20 01 02 00 00 e3 3f 00 00 00 1c 00 00 00 00
 22783.82   15.92  20 01 02 00 00 db 1f 00 00 00 44 00 00 00 00
 22789.87    6.05  20 01 02 00 00 e0 1f 00 00 00 3f 00 00 00 00
 22797.92    8.05  20 01 02 00 00 d7 0f 00 00 00 58 00 00 00 00
 22813.86   15.94  20 01 02 00 00 dd 0f 00 00 00 52 00 00 00 00
 23065.92  252.05  20 01 02 00 00 d2 2f ff 00 00 3e 00 00 00 00
 23073.88    7.97  20 01 02 00 00 e4 6f ff 00 00 ec 00 00 00 00
 23089.90   16.02  20 01 02 00 00 e3 7f ff 00 00 dd 00 00 00 00
 23097.91    8.01  20 01 02 00 00 e7 9f ff 00 00 b9 00 00 00 00
 23104.00    6.08  20 01 02 00 00 e7 af ff 00 00 a9 00 00 00 00
 23119.91   15.92  20 01 02 00 00 e5 bf ff 00 00 9b 00 00 00 00
 23127.88    7.97  20 01 02 00 00 ea df ff 00 00 76 00 00 00 00
 23136.04    8.16  20 01 02 00 00 eb ef ff 00 00 65 00 00 00 00
 23152.12   16.08  20 01 02 00 00 e9 ef ff 00 00 67 00 00 00 00
 23160.33    8.21  20 01 02 00 00 eb ef ff 00 00 65 00 00 00 00
 23200.30   39.97  20 01 02 00 00 d6 df ff 00 00 8a 00 00 00 00
 23213.90   13.60  20 01 02 00 00 f7 ff ff 00 00 49 00 00 00 00
 23221.95    8.05  20 01 02 00 00 fb ff ff 00 00 45 00 00 00 00
 23473.92  251.97  20 01 02 00 00 00 b0 fc 00 00 92 00 00 00 00
 23481.89    7.98  20 01 02 00 00 00 40 fe 00 00 00 00 00 00 00
 23497.89   15.99  20 01 02 00 00 00 f0 fd 00 00 51 00 00 00 00
 23505.82    7.93  20 01 02 00 00 00 f0 fd 00 00 51 00 00 00 00
 23511.90    6.09  20 01 02 00 00 00 a0 fe 00 00 a0 00 00 00 00
 23528.35   16.45  20 01 02 00 00 00 20 fe 00 00 20 00 00 00 00
 23536.39    8.03  20 01 02 00 00 00 10 fe 00 00 30 00 00 00 00
 23544.37    7.98  20 01 02 00 00 00 90 fe 00 00 b0 00 00 00 00
 23559.99   15.62  20 01 02 00 00 00 c0 fd 00 00 81 00 00 00 00
 23567.87    7.88  20 01 02 00 00 00 50 fe 00 00 f0 00 00 00 00
 24783.95 1216.08  20 01 02 00 00 e1 6f 01 00 00 ed 00 00 00 00
 24791.94    7.99  20 01 02 00 00 e4 1f 01 00 00 3a 00 00 00 00
 24799.87    7.94  20 01 02 00 00 dd 1f 01 00 00 41 00 00 00 00
 24807.97    8.10  20 01 02 00 00 db 4f 01 00 00 13 00 00 00 00
 24823.88   15.91  20 01 02 00 00 d1 6f 01 00 00 fd 00 00 00 00
 24831.88    8.00  20 01 02 00 00 d0 2f 01 00 00 3e 00 00 00 00
 24839.88    8.00  20 01 02 00 00 d0 ef 00 00 00 7f 00 00 00 00
 24853.85   13.97  20 01 02 00 00 c5 2f 01 00 00 49 00 00 00 00
 24861.85    7.99  20 01 02 00 00 d0 1f 01 00 00 4e 00 00 00 00
 24870.02    8.17  20 01 02 00 00 cc 0f 01 00 00 62 00 00 00 00
 24886.01   15.99  20 01 02 00 00 cd ef 00 00 00 82 00 00 00 00
 24893.86    7.85  20 01 02 00 00 d5 9f 00 00 00 ca 00 00 00 00
 24901.92    8.06  20 01 02 00 00 d1 6f 00 00 00 fe 00 00 00 00
 24917.85   15.94  20 01 02 00 00 d4 5f 00 00 00 0b 00 00 00 00
 24925.89    8.04  20 01 02 00 00 d8 3f 00 00 00 27 00 00 00 00
 24941.85   15.96  20 01 02 00 00 d3 2f 00 00 00 3c 00 00 00 00
 24949.82    7.97  20 01 02 00 00 da 0f 00 00 00 55 00 00 00 00
 24957.77    7.96  20 01 02 00 00 d2 ff ff 00 00 6e 00 00 00 00
 24971.88   14.10  20 01 02 00 00 e0 df ff 00 00 80 00 00 00 00
 24979.80    7.92  20 01 02 00 00 dc cf ff 00 00 94 00 00 00 00
 24987.79    7.99  20 01 02 00 00 e0 bf ff 00 00 a0 00 00 00 00
 25003.90   16.10  20 01 02 00 00 de 8f ff 00 00 d2 00 00 00 00
